1 80
1 183
1 161
1 95
2 10
2 24
2 36
3 303
3 127
3 23
3 94
4 253
4 281
4 298
5 147
5 325
5 217
5 196
5 226
5 35
6 143
6 331
7 300
7 330
7 312
7 88
7 128
7 116
8 235
9 235
9 280
9 309
9 310
9 93
9 255
10 24
10 36
11 72
11 121
11 56
11 311
12 276
12 104
12 317
12 171
13 118
13 126
13 114
13 327
13 252
14 144
14 283
14 223
14 132
14 87
14 84
15 90
15 166
15 320
15 200
16 165
16 38
16 172
16 162
16 50
17 27
17 64
17 274
17 209
18 45
18 77
18 259
18 247
19 164
19 61
19 150
20 148
20 170
20 212
20 174
20 163
21 119
22 131
22 265
22 150
22 209
23 303
23 127
23 94
24 36
25 277
25 33
25 57
25 236
26 209
27 64
27 274
27 209
28 318
28 322
29 227
29 237
29 99
29 40
30 158
30 288
30 209
31 228
32 204
32 222
32 105
32 211
33 277
33 57
33 236
34 115
34 189
35 217
35 256
35 325
35 196
35 226
35 147
37 63
37 267
37 336
38 165
38 172
38 162
38 50
39 130
39 71
39 230
40 227
40 99
40 237
41 155
42 49
42 278
43 152
43 51
43 145
43 157
44 292
44 272
45 77
45 259
45 247
46 65
46 249
46 69
46 103
46 229
46 269
47 210
47 154
47 242
48 261
48 190
48 198
49 278
50 165
50 172
50 162
51 152
51 145
51 157
52 102
52 326
52 178
52 287
52 135
52 205
53 136
54 187
54 286
54 91
55 73
55 321
56 72
56 121
56 311
57 277
57 236
58 97
58 156
59 107
59 258
60 142
60 332
60 324
60 184
61 164
61 150
62 304
62 195
62 266
62 231
62 106
63 120
63 267
63 336
64 274
64 209
65 103
65 249
65 69
65 229
65 269
66 271
66 294
66 251
67 100
68 151
68 285
69 249
69 103
69 229
69 269
70 220
70 215
70 279
70 216
71 130
71 230
72 121
72 311
73 321
74 191
74 167
74 302
74 308
75 240
75 334
75 299
76 109
77 259
77 247
78 329
78 188
78 125
78 306
79 264
79 203
79 213
80 183
80 161
80 95
81 314
81 153
81 108
82 245
82 291
82 307
83 315
83 101
84 144
84 283
84 223
84 132
84 87
85 246
86 159
86 270
87 144
87 283
87 223
87 132
88 300
88 330
88 312
88 128
88 116
89 199
89 111
89 179
89 305
89 122
90 166
90 320
90 200
91 187
91 286
92 221
92 168
92 290
92 234
92 175
93 235
93 280
93 309
93 310
93 255
94 303
94 127
95 161
95 183
96 273
96 214
96 197
96 275
96 202
96 293
96 208
97 156
98 138
98 295
98 181
99 227
99 237
101 315
102 326
102 178
102 287
102 135
102 205
103 249
103 229
103 269
104 276
104 317
104 171
105 204
105 222
105 211
106 231
106 195
106 266
106 304
107 333
107 258
107 296
108 314
108 153
110 182
110 262
110 180
111 199
111 179
111 305
111 122
112 194
112 248
112 140
112 123
112 134
113 302
113 238
114 118
114 126
114 327
114 252
115 189
116 300
116 330
116 312
116 128
117 244
117 124
117 173
117 239
117 139
118 126
118 327
118 252
121 311
122 199
122 179
122 305
123 194
123 248
123 140
123 134
124 244
124 239
124 173
124 139
125 306
126 252
126 327
127 303
128 300
128 330
128 312
129 271
129 288
130 230
131 265
131 150
131 209
132 144
132 283
132 223
133 337
133 268
133 207
134 194
134 248
134 140
135 326
135 178
135 287
135 205
137 263
137 284
138 295
138 181
139 244
139 173
139 239
140 194
140 248
141 186
142 332
142 324
142 184
143 331
144 283
144 223
145 152
145 157
146 176
147 217
147 325
147 196
147 226
148 170
148 212
149 219
149 185
149 193
150 164
150 265
150 209
151 285
152 157
153 314
154 210
154 242
158 288
158 209
159 270
160 192
160 206
161 183
162 165
162 172
163 212
163 174
165 172
166 200
166 320
167 191
167 302
167 308
168 221
168 290
168 234
168 175
169 289
170 212
171 276
171 317
173 244
173 239
174 212
175 221
175 290
175 234
177 297
178 326
178 287
178 205
179 199
179 305
180 182
180 262
181 295
182 262
184 332
184 324
185 219
185 193
187 286
188 329
190 261
190 198
191 302
191 308
192 206
193 219
194 248
195 231
195 304
195 266
196 217
196 325
196 226
197 273
197 214
197 275
197 202
197 293
197 208
198 261
199 301
199 305
199 225
200 320
202 273
202 214
202 275
202 293
202 208
203 264
204 222
204 211
205 326
205 287
207 268
207 337
208 319
208 273
208 214
208 275
208 267
208 293
209 274
209 288
209 265
210 242
211 222
214 319
214 273
214 275
214 267
214 293
215 220
215 279
215 216
216 220
216 279
217 325
217 226
218 232
218 316
220 279
221 290
221 234
223 283
224 257
224 323
224 233
225 301
225 305
226 325
227 237
229 249
229 269
231 304
231 266
232 316
233 257
233 323
234 290
235 255
235 280
235 309
235 310
236 277
238 302
239 244
240 334
240 299
241 243
241 282
243 282
245 291
245 307
247 259
249 269
250 313
251 271
251 294
252 327
253 281
253 298
254 288
255 280
255 309
255 310
257 323
260 335
262 328
263 284
266 304
267 319
267 273
267 336
267 293
268 337
271 288
271 294
272 292
273 319
273 275
273 293
275 293
276 317
280 309
280 310
281 298
287 326
291 307
293 319
296 333
299 334
300 330
300 312
301 305
302 308
309 310
312 330
318 322
324 332
