1 80
1 183
1 161
1 95
2 10
2 24
2 36
3 302
3 127
3 23
3 94
4 252
4 280
4 297
5 147
5 324
5 216
5 196
5 225
5 35
6 143
6 330
7 299
7 329
7 311
7 88
7 128
7 116
8 234
9 234
9 279
9 308
9 309
9 93
9 254
10 24
10 36
11 72
11 121
11 56
11 310
12 275
12 104
12 316
12 171
13 118
13 126
13 114
13 326
13 251
14 144
14 282
14 222
14 132
14 87
14 84
15 90
15 166
15 319
15 200
16 165
16 38
16 172
16 162
16 50
17 27
17 64
17 273
17 208
18 45
18 77
18 258
18 246
19 164
19 61
19 150
20 148
20 170
20 211
20 174
20 163
21 119
22 131
22 264
22 150
22 208
23 302
23 127
23 94
24 36
25 276
25 33
25 57
25 235
26 208
27 64
27 273
27 208
28 317
28 321
29 226
29 236
29 99
29 40
30 158
30 287
30 208
31 227
32 203
32 221
32 105
32 210
33 276
33 57
33 235
34 115
34 189
35 216
35 255
35 324
35 196
35 225
35 147
37 63
37 266
37 335
38 165
38 172
38 162
38 50
39 130
39 71
39 229
40 226
40 99
40 236
41 155
42 49
42 277
43 152
43 51
43 145
43 157
44 291
44 271
45 77
45 258
45 246
46 65
46 248
46 69
46 103
46 228
46 268
47 209
47 154
47 241
48 260
48 190
48 198
49 277
50 165
50 172
50 162
51 152
51 145
51 157
52 102
52 325
52 178
52 286
52 135
52 204
53 136
54 187
54 285
54 91
55 73
55 320
56 72
56 121
56 310
57 276
57 235
58 97
58 156
59 107
59 257
60 142
60 331
60 323
60 184
61 164
61 150
62 303
62 195
62 265
62 230
62 106
63 120
63 266
63 335
64 273
64 208
65 103
65 248
65 69
65 228
65 268
66 270
66 293
66 250
67 100
68 151
68 284
69 248
69 103
69 228
69 268
70 219
70 214
70 278
70 215
71 130
71 229
72 121
72 310
73 320
74 191
74 167
74 301
74 307
75 239
75 333
75 298
76 109
77 258
77 246
78 328
78 188
78 125
78 305
79 263
79 202
79 212
80 183
80 161
80 95
81 313
81 153
81 108
82 244
82 290
82 306
83 314
83 101
84 144
84 282
84 222
84 132
84 87
85 245
86 159
86 269
87 144
87 282
87 222
87 132
88 299
88 329
88 311
88 128
88 116
89 199
89 111
89 179
89 304
89 122
90 166
90 319
90 200
91 187
91 285
92 220
92 168
92 289
92 233
92 175
93 234
93 279
93 308
93 309
93 254
94 302
94 127
95 161
95 183
96 272
96 213
96 197
96 274
96 201
96 292
96 207
97 156
98 138
98 294
98 181
99 226
99 236
101 314
102 325
102 178
102 286
102 135
102 204
103 248
103 228
103 268
104 275
104 316
104 171
105 203
105 221
105 210
106 230
106 195
106 265
106 303
107 332
107 257
107 295
108 313
108 153
110 182
110 261
110 180
111 199
111 179
111 304
111 122
112 194
112 247
112 140
112 123
112 134
113 301
113 237
114 118
114 126
114 326
114 251
115 189
116 299
116 329
116 311
116 128
117 243
117 124
117 173
117 238
117 139
118 126
118 326
118 251
121 310
122 199
122 179
122 304
123 194
123 247
123 140
123 134
124 243
124 238
124 173
124 139
125 305
126 251
126 326
127 302
128 299
128 329
128 311
129 270
129 287
130 229
131 264
131 150
131 208
132 144
132 282
132 222
133 336
133 267
133 206
134 194
134 247
134 140
135 325
135 178
135 286
135 204
137 262
137 283
138 294
138 181
139 243
139 173
139 238
140 194
140 247
141 186
142 331
142 323
142 184
143 330
144 282
144 222
145 152
145 157
146 176
147 216
147 324
147 196
147 225
148 170
148 211
149 218
149 185
149 193
150 164
150 264
150 208
151 284
152 157
153 313
154 209
154 241
158 287
158 208
159 269
160 192
160 205
161 183
162 165
162 172
163 211
163 174
165 172
166 200
166 319
167 191
167 301
167 307
168 220
168 289
168 233
168 175
169 288
170 211
171 275
171 316
173 243
173 238
174 211
175 220
175 289
175 233
177 296
178 325
178 286
178 204
179 199
179 304
180 182
180 261
181 294
182 261
184 331
184 323
185 218
185 193
187 285
188 328
190 260
190 198
191 301
191 307
192 205
193 218
194 247
195 230
195 303
195 265
196 216
196 324
196 225
197 272
197 213
197 274
197 201
197 292
197 207
198 260
199 300
199 304
199 224
200 319
201 272
201 213
201 274
201 292
201 207
202 263
203 221
203 210
204 325
204 286
206 267
206 336
207 318
207 272
207 213
207 274
207 266
207 292
208 273
208 287
208 264
209 241
210 221
213 318
213 272
213 274
213 266
213 292
214 219
214 278
214 215
215 219
215 278
216 324
216 225
217 231
217 315
219 278
220 289
220 233
222 282
223 256
223 322
223 232
224 300
224 304
225 324
226 236
228 248
228 268
230 303
230 265
231 315
232 256
232 322
233 289
234 254
234 279
234 308
234 309
235 276
237 301
238 243
239 333
239 298
240 242
240 281
242 281
244 290
244 306
246 258
248 268
249 312
250 270
250 293
251 326
252 280
252 297
253 287
254 279
254 308
254 309
256 322
259 334
261 327
262 283
265 303
266 318
266 272
266 335
266 292
267 336
270 287
270 293
271 291
272 318
272 274
272 292
274 292
275 316
279 308
279 309
280 297
286 325
290 306
292 318
295 332
298 333
299 329
299 311
300 304
301 307
308 309
311 329
317 321
323 331
