1 1920
1 1436
1 632
1 1385
1 1512
1 1223
1 2252
1 158
1 537
1 965
2 2496
2 717
2 748
3 2416
3 1225
4 1944
4 1010
4 1826
4 1591
5 531
5 2110
5 1799
5 2410
5 1076
5 375
5 2139
6 782
6 1008
6 744
6 213
6 1988
6 254
6 2192
6 1630
6 1211
6 1596
7 2548
7 589
7 814
7 2607
7 1056
7 2084
7 1886
7 658
7 463
8 1640
8 1727
8 2178
8 2537
8 1521
9 207
9 1074
9 1851
9 1217
9 1456
9 1610
9 1293
10 1705
10 1343
10 2480
10 1227
10 639
10 1903
11 1669
11 1543
12 2493
12 856
12 1999
13 1920
13 158
13 2248
14 771
14 299
15 1674
16 954
17 419
17 69
17 61
17 1734
17 1555
17 709
17 807
18 2489
18 2427
18 2097
18 1501
18 421
18 2411
18 221
18 290
18 1042
18 302
18 2454
18 2520
18 1898
18 2312
18 1574
19 1987
20 871
20 771
20 412
21 395
21 2545
21 1214
22 1096
22 1636
22 1817
22 2208
23 1872
23 178
23 339
23 1952
24 1029
24 582
25 120
25 1681
25 1225
26 1220
26 2603
26 1699
27 1873
27 2205
27 1122
28 858
28 361
28 2594
28 1918
28 787
29 2409
29 1320
29 860
29 2517
29 1835
29 1229
30 1280
30 156
30 788
30 2010
31 935
31 604
31 2205
32 2464
32 1020
32 543
32 140
32 1651
32 300
32 1239
32 2404
32 2552
33 568
33 1546
33 1108
34 1273
34 1682
34 85
35 149
35 176
35 1367
35 2019
35 1825
35 2083
35 1371
35 1391
35 158
35 2403
35 1537
35 1151
36 1356
36 1366
36 646
36 137
37 1249
37 989
38 2079
38 507
38 1180
38 97
38 1383
38 1010
38 2503
38 2514
38 1299
38 1618
38 103
38 2462
38 1843
38 981
38 832
38 473
38 630
39 472
39 305
40 1076
40 580
40 1126
40 451
40 657
41 538
41 2149
41 2356
41 243
42 401
43 2305
44 2507
44 1411
44 101
44 2616
44 2260
45 1695
45 2020
45 354
45 2580
46 2187
46 1632
46 1267
46 595
46 1417
46 2193
46 1913
46 2277
46 634
46 1218
46 1260
46 428
46 2074
46 293
47 391
48 766
48 636
48 662
48 1805
48 1947
48 199
48 673
48 1883
48 1698
48 712
48 321
48 1389
48 606
49 642
49 2201
49 2007
49 348
49 259
49 2021
49 1456
49 2328
49 790
49 2597
49 189
50 1735
50 2251
50 1742
51 2426
52 1219
52 1720
53 811
53 707
54 58
54 677
55 209
56 985
56 2344
57 2268
57 1233
58 677
59 1404
59 2345
59 2398
60 2499
61 807
61 69
62 483
62 117
63 781
63 398
63 97
63 1003
63 2357
63 1779
63 1548
63 916
63 1363
63 132
64 2169
64 1304
65 1346
65 2082
66 1921
66 1600
66 2616
66 1137
66 792
66 1411
66 2263
66 1230
67 618
67 2106
67 1346
67 2604
67 1052
67 1639
67 2147
67 277
67 1743
68 656
69 807
70 237
70 2180
71 459
71 2413
72 955
72 957
72 235
72 2450
72 1243
72 1210
72 1983
72 1364
73 2506
73 288
73 2605
74 1552
74 2156
75 284
75 2147
76 90
76 647
77 1663
77 2568
78 1412
79 2503
80 1923
80 425
80 521
81 2379
81 1992
81 2350
82 255
82 1077
82 238
82 2394
83 163
83 1170
83 1596
83 2157
83 1150
84 2005
84 1520
85 1273
85 1682
86 2290
86 426
86 395
87 1718
88 2344
88 388
88 1306
88 1124
88 816
88 113
89 1766
89 1527
89 1027
89 1858
90 647
90 566
91 512
91 614
91 2529
92 1888
92 210
92 2165
92 1703
93 1889
93 1625
93 116
94 1275
94 2023
95 2620
95 1093
96 1048
96 163
96 2121
96 1170
96 1495
96 1279
96 1864
96 1618
96 1211
96 454
97 1276
97 1936
97 379
97 1234
97 904
97 660
97 1492
97 1206
97 502
97 1779
97 2069
97 104
97 630
97 1582
97 2503
97 1786
97 2477
97 1299
97 2462
97 473
97 1963
97 2079
97 831
97 1010
98 2061
98 1784
98 2360
98 1833
99 838
99 353
100 1612
101 2507
101 1411
101 2616
101 2260
102 306
102 239
102 486
102 2105
102 1684
103 1383
103 2514
104 1963
105 1488
105 1960
105 1390
105 1809
105 1439
106 263
106 1976
106 2089
106 2080
106 863
106 1606
106 2253
106 1607
106 1198
106 866
106 1571
106 1776
106 1245
106 2559
106 2593
106 2350
106 1167
106 627
106 1782
106 2566
106 2436
106 1701
106 551
106 1569
106 1748
106 841
106 366
106 1875
106 2409
106 1360
106 443
106 330
107 2084
107 2041
108 396
108 1021
108 237
108 960
108 901
108 2583
108 2071
108 805
108 833
109 518
109 2211
109 1715
109 2025
110 1572
110 387
110 1935
110 2173
110 2286
110 2371
110 2331
110 215
110 158
110 1655
110 2423
110 172
110 2362
110 1493
111 2252
111 208
111 1554
111 2546
111 1150
111 874
112 305
113 2344
113 388
113 1306
113 1124
113 816
114 631
114 2261
114 478
114 182
115 2224
115 913
116 183
116 1889
116 1625
116 1811
116 850
117 418
117 1954
117 212
117 334
117 2482
117 483
118 295
118 1737
118 734
119 1910
119 372
119 2256
119 871
119 2236
119 218
119 2259
119 411
119 771
120 1681
120 1225
121 2498
121 1386
121 953
122 2056
122 177
122 828
123 136
124 1400
124 1613
125 2428
126 783
126 1290
126 1865
126 592
127 706
127 1128
127 291
127 1671
127 563
127 1907
127 1271
127 2302
127 2057
127 1038
128 1333
128 2232
129 1638
129 1388
129 1964
129 1719
130 2117
130 2102
130 1685
130 1895
130 1755
130 965
131 432
131 1001
132 401
132 1528
132 2130
132 398
132 2388
132 2357
132 1970
132 1548
132 393
132 1003
132 145
132 2488
132 1027
132 1381
132 1387
132 1431
132 2363
133 1775
133 722
133 1110
133 1503
133 2207
133 1207
133 1025
133 2066
133 2352
133 2250
134 1157
134 2239
134 1103
135 1678
135 208
135 337
135 467
135 1575
135 423
135 965
136 881
136 1251
137 1366
137 646
137 1356
138 597
138 1818
138 2089
138 2299
138 165
138 1686
138 2608
138 2332
139 2478
139 2213
140 2315
140 636
140 2464
140 1020
140 1297
140 1651
140 1947
140 1396
140 1239
140 2404
140 1610
140 606
141 2291
141 2271
141 1351
141 1071
141 2138
142 1813
143 1942
143 1416
143 1840
143 1368
143 2340
143 2453
143 2361
143 1013
144 1716
145 1528
145 1387
145 2363
146 1074
146 993
146 365
147 996
147 815
148 1549
148 1990
149 1920
149 1391
149 2019
149 1618
149 2083
149 1825
149 1367
149 158
149 2351
149 2403
149 331
149 2552
150 2485
150 1599
151 2289
151 1169
151 1491
152 1832
152 1991
153 1076
153 1895
153 657
153 1224
153 204
154 1448
154 1256
154 2147
154 852
154 891
154 809
155 1877
155 2574
155 2217
155 1557
155 793
155 1825
155 2029
155 617
155 1505
155 503
155 1853
155 2162
155 2435
155 2294
155 950
156 284
156 2010
156 858
156 788
156 925
156 1280
156 1829
157 700
157 1509
157 629
158 2252
158 1935
158 2173
158 413
158 537
158 2552
158 784
158 1151
158 1825
158 1655
158 2351
158 1537
158 1459
158 1436
158 632
158 2248
158 1420
158 1572
158 924
158 1385
158 965
158 1920
158 1512
158 2286
158 1223
158 215
158 2331
159 1131
160 1896
160 1536
160 1823
161 2187
161 1774
161 1472
161 680
161 1644
161 1064
161 1379
161 1174
161 2469
161 952
162 1338
162 896
163 1641
163 2570
163 2081
163 1279
163 864
163 1363
163 454
163 1284
163 1927
163 1150
163 2030
163 1495
163 392
163 1211
163 1458
163 1700
163 1170
163 1961
163 2156
163 2157
163 1048
163 177
164 295
165 597
165 2299
165 2089
165 1818
165 1686
165 2608
165 2332
166 485
166 2256
166 823
166 579
166 720
166 2328
166 363
166 1171
166 1437
166 840
166 1618
166 812
166 2342
167 2028
167 581
167 1014
167 994
167 1112
167 1537
168 2125
168 669
168 875
168 1672
168 1769
169 1452
170 927
170 1662
170 1563
171 2582
171 2382
171 1229
171 859
172 387
172 2371
172 1655
172 2423
172 2362
172 1493
173 253
174 2101
175 2188
175 2591
175 726
176 2083
176 1371
177 519
177 2056
177 697
177 1339
177 1823
177 1400
177 1961
177 2238
177 1211
177 828
177 1596
177 2520
177 1458
177 1326
178 1872
178 1952
178 339
179 2026
179 2051
179 1009
179 1880
179 2616
179 1882
179 666
179 1928
179 2072
179 2263
179 1230
180 1403
180 984
180 1606
181 2045
181 1564
181 460
181 1099
181 2314
181 303
181 1975
182 478
182 631
182 2261
183 1811
183 850
184 294
184 1730
184 2001
184 961
184 2004
184 1302
184 2518
184 1121
185 468
185 1467
185 973
186 439
186 1535
186 1334
187 2249
187 2196
187 1137
188 438
188 1649
188 1846
189 2344
189 2007
189 348
189 259
189 790
189 1456
189 2597
190 1470
190 1756
190 920
190 1149
190 584
190 1609
190 903
191 1706
192 589
192 1331
192 1819
192 422
192 1056
192 2084
192 658
193 743
193 1105
193 2604
193 1770
193 300
193 2147
193 2404
193 1772
193 2552
194 1806
195 417
196 2026
196 666
196 1181
196 442
196 1882
196 1507
197 2359
198 2077
198 2190
198 741
199 1389
200 2216
201 1681
201 343
202 2495
202 2432
203 1868
204 2296
204 2252
204 1805
204 769
204 2320
204 1979
204 1771
204 1066
204 1895
204 1406
204 1028
204 822
204 2142
204 1821
204 826
204 2349
204 1369
204 1466
204 545
204 1160
204 392
204 1456
204 2230
204 1538
204 533
204 667
204 467
204 1745
204 745
204 2234
204 1710
204 885
204 1091
204 965
204 2043
204 208
204 646
204 1224
204 818
204 1016
204 853
204 2209
204 1261
205 1185
205 2140
205 374
205 1397
206 751
206 2038
206 612
206 473
206 2180
207 1074
207 1851
207 1217
207 1456
207 1293
208 2252
208 1678
208 769
208 2546
208 1979
208 1066
208 1406
208 337
208 2142
208 1575
208 1821
208 1369
208 1150
208 423
208 874
208 467
208 1745
208 1261
208 1466
208 965
208 1554
208 2209
210 1888
210 2165
211 810
211 1241
211 1691
211 1405
211 2572
211 249
211 757
212 2482
212 1954
212 334
212 418
213 2588
213 782
213 1008
213 744
213 1988
213 254
213 2192
213 1044
213 1630
213 1211
213 1596
214 854
214 1084
214 440
214 633
214 1233
214 689
214 2334
214 1789
214 2347
214 1337
214 1361
214 1844
214 1580
214 2424
214 2363
214 2086
214 2016
214 1221
214 1006
215 1572
215 1935
215 2286
215 1655
215 2173
215 2331
216 1289
216 2138
217 2265
217 2202
218 871
218 771
219 864
219 839
219 782
219 2434
219 944
220 2212
220 1328
220 1892
220 1024
220 1159
220 307
220 1618
221 2489
221 1574
221 421
222 2465
223 1565
223 459
224 1085
224 1740
224 1675
225 242
225 764
225 263
225 2415
226 2103
226 1562
227 733
227 1583
228 1949
228 1146
228 433
228 2144
228 970
228 1429
229 2212
229 835
229 1618
230 685
230 385
230 333
230 488
230 1150
231 2064
232 1909
232 918
232 752
232 579
233 1365
233 756
233 1998
233 2009
233 881
233 480
233 1617
234 1540
234 549
234 1560
234 2152
234 1464
234 2272
234 1697
234 437
234 1441
234 1104
235 955
235 957
235 2450
235 1243
235 1210
235 1983
235 1364
236 666
236 1880
236 381
236 1928
236 2049
236 965
236 1550
237 2417
237 1021
237 657
237 1570
237 985
237 869
237 2180
237 2100
237 736
237 1905
237 694
237 307
237 1746
237 2071
237 1782
237 833
237 2048
237 2092
237 837
237 1618
237 2276
237 1260
237 1044
237 2114
237 753
237 1335
237 1634
237 1424
237 351
237 1267
237 2329
237 2293
237 375
237 1139
237 1478
237 535
238 2394
239 306
239 486
239 2105
239 1684
240 2396
240 590
240 995
241 1866
242 764
243 538
243 2149
243 2356
244 1454
244 962
245 1060
245 1410
245 1487
246 500
246 2011
246 1724
247 1192
247 2429
247 1724
248 1491
248 1169
249 810
249 1241
249 1691
249 1405
249 2572
249 757
250 2288
251 2466
251 1153
251 2088
251 2303
252 1725
252 1738
252 2421
252 2475
252 2504
253 1349
253 1611
254 782
254 1008
254 744
254 2192
254 1988
254 1630
254 1211
254 1596
255 1077
256 843
257 574
257 1605
257 933
257 522
258 314
258 2595
259 2007
259 348
259 1456
259 790
259 2597
260 319
260 2484
261 1076
261 964
261 2137
261 2084
261 1402
261 2139
262 1287
262 2565
262 680
262 532
262 912
262 2473
264 1395
264 1856
264 1882
265 902
265 1212
266 2311
266 873
266 2137
266 1313
266 567
267 2075
267 2408
268 1604
268 1150
268 1353
268 1919
269 389
269 2536
269 1389
270 1114
271 1274
271 777
271 550
272 357
273 619
273 915
273 2126
273 2612
274 1034
274 1996
274 607
274 578
275 2414
275 1523
275 742
275 2307
275 547
276 1464
276 437
276 1135
277 618
277 2106
277 2083
277 1346
277 2604
277 1052
277 1743
277 382
277 323
277 2147
277 842
277 2310
277 1639
278 2084
278 2041
279 332
280 1268
280 680
281 721
281 2266
281 1515
282 497
282 824
282 785
282 2479
282 1760
282 1422
282 693
282 1281
282 527
283 2317
283 718
284 2203
284 2147
284 1579
284 1589
285 2460
285 1303
285 2602
285 2368
285 2596
286 544
286 1117
286 2562
287 942
288 2506
288 2605
289 602
289 1295
289 462
290 2097
290 2411
290 1042
290 302
290 2454
290 2520
290 2312
291 706
291 1128
291 1671
291 1271
291 2302
291 1038
292 303
292 2395
292 1891
292 1255
292 501
293 2187
293 2277
293 1632
293 1267
293 595
293 1417
293 2193
293 1913
293 634
293 1218
293 1260
293 428
293 2074
294 1730
294 2001
294 961
294 2004
294 1302
294 2518
294 1121
295 1737
295 734
296 1005
296 1732
296 338
297 560
297 1736
298 868
298 1814
298 1103
299 637
299 771
299 1783
299 2159
300 1105
300 543
300 2604
300 1770
300 2147
300 2404
300 2552
301 2273
301 2220
301 1723
302 2097
302 2411
302 1042
302 2454
302 2520
302 2312
303 1891
303 2045
303 460
303 501
303 2395
303 1099
303 2314
303 1177
304 1354
304 1559
304 323
305 472
305 1222
305 2034
306 486
306 2105
306 1684
307 1159
307 1892
307 351
307 1478
307 1618
307 2293
308 1123
308 309
308 905
309 905
309 1123
310 2059
310 791
310 348
310 1425
310 1882
310 1455
310 2049
310 663
310 628
311 1023
312 1651
313 1587
314 2595
315 1201
315 1593
316 1635
316 719
316 390
317 1658
318 959
318 2085
318 2350
318 623
318 1006
319 2484
320 587
320 2431
320 1627
320 2465
320 1631
320 1722
321 673
321 636
321 606
321 1947
322 2448
322 1681
322 899
322 684
322 2375
322 877
323 2083
323 1354
323 382
323 1559
324 910
324 893
324 2420
324 407
325 2520
326 1050
326 1200
326 2247
327 954
328 2571
329 1861
329 2065
330 551
330 1976
330 1360
330 2080
330 841
331 2151
331 1924
331 1825
331 487
331 1618
333 488
333 385
333 685
333 1150
334 2482
334 1954
334 418
335 2133
336 1753
336 952
337 1678
337 467
337 1575
337 423
337 965
338 2584
338 1882
338 1072
338 1928
338 401
338 1137
338 1407
338 1005
338 1732
339 1872
340 414
340 691
340 626
340 1788
340 1129
341 2067
341 772
342 1773
342 2050
343 1681
344 1785
344 1075
345 738
345 1830
346 1647
346 762
346 2186
346 750
346 2221
347 1083
347 1971
347 705
347 2105
348 642
348 2059
348 791
348 1425
348 2021
348 1456
348 1882
348 790
348 2328
348 2201
348 2597
348 1455
348 2049
348 2007
348 1380
348 663
348 628
349 1508
349 2492
350 1804
350 596
350 847
350 1922
350 1879
350 2135
350 2246
350 951
350 536
351 1478
351 2293
351 1618
351 1335
352 1176
353 838
354 1695
354 2020
354 2580
355 1839
355 1382
355 2522
355 1981
356 1414
356 1202
358 966
358 1020
358 2036
358 2047
358 2501
358 1803
358 1610
358 2508
359 1317
359 383
359 906
359 2419
359 1912
359 2120
359 1041
359 1884
359 1004
359 2148
360 2443
360 649
360 1320
361 2594
361 858
361 1918
361 787
362 1795
362 1956
363 823
363 2342
364 1908
364 1173
364 2200
364 2185
365 993
366 1875
366 1245
366 2559
366 866
366 2566
367 1074
367 1610
367 2137
367 985
368 766
368 557
369 1471
369 1473
369 1050
369 1376
369 794
369 1914
369 555
369 1200
369 2549
370 1517
371 1872
372 2259
373 2520
373 1823
374 1185
374 2140
374 1397
375 985
375 2110
375 2410
375 1076
375 2258
375 1044
375 2084
375 964
375 2139
375 1570
376 406
376 2393
376 680
376 2439
377 1938
377 2449
378 1778
379 1276
379 1786
379 1936
379 1203
379 1492
379 1206
379 1916
379 1779
379 2477
380 493
380 2344
381 666
381 1880
381 1928
381 2049
381 965
381 1550
382 2083
383 1884
383 2148
384 888
384 889
384 870
384 1398
384 1176
384 1498
385 685
385 488
385 1150
386 1430
387 2371
387 1655
387 2423
387 2362
387 1493
388 1306
388 1124
388 816
388 2344
390 1635
390 719
392 1538
392 2156
392 1805
392 2131
392 467
392 1048
392 745
392 646
392 1989
392 2030
392 1160
392 1363
392 1261
392 1771
392 1211
392 2234
392 965
393 710
393 2130
393 1381
393 928
393 1150
393 1586
393 2094
393 1548
393 2215
393 1027
393 891
393 730
394 653
394 985
394 1962
394 1729
394 2597
394 1456
394 1356
394 420
394 1044
395 1214
395 2545
395 2290
395 426
396 901
396 2583
396 960
396 805
396 1005
397 637
397 771
398 1548
398 2357
398 1003
399 1567
400 1953
400 644
400 1926
400 2606
400 1374
400 1657
401 413
401 858
401 2137
401 2139
401 2388
401 2552
401 1818
401 1610
401 1072
401 524
401 1580
401 2584
401 2229
401 1799
401 638
401 1407
401 1090
401 2216
401 1798
401 1882
401 1015
401 1098
401 1431
402 943
402 1362
403 2530
404 1943
404 2446
404 654
404 1225
404 2136
404 1321
404 1721
405 1820
405 1154
406 2393
406 680
406 2439
407 1877
407 1845
407 786
407 1525
407 2420
407 893
407 1350
407 1537
407 910
408 2337
408 1751
408 1476
408 2456
408 1296
409 1325
410 1448
410 1791
410 897
410 1704
411 2236
412 871
412 771
413 1098
413 2431
413 1420
413 1627
413 1043
413 1120
413 1631
413 2362
413 924
414 1129
414 691
414 626
414 1788
415 952
416 1967
416 1955
418 2482
418 1954
420 985
420 1044
421 2489
421 1574
422 589
422 1331
422 1819
422 1056
422 2084
422 658
423 1678
423 467
423 1575
423 965
424 2406
424 1443
424 759
424 2412
424 2273
424 1723
424 836
425 1923
425 521
426 2290
427 649
428 2187
428 2277
428 1632
428 1267
428 595
428 1417
428 2193
428 1913
428 634
428 1218
428 1260
428 2074
429 1573
429 2564
429 2240
430 1259
430 2266
430 721
431 1450
431 2560
431 2377
431 1083
431 2609
431 2105
431 1580
432 1001
433 1949
433 1146
433 2144
433 970
433 1429
434 1316
434 537
434 1831
434 1514
434 1603
434 1322
434 884
434 1665
434 2499
434 819
435 2060
435 1957
435 2087
435 2074
435 1855
435 1815
436 2554
437 1540
437 549
437 1560
437 2152
437 1135
437 1464
437 2272
437 1697
437 1104
437 1441
438 1649
438 1846
439 1535
439 1334
440 1844
440 2363
441 2468
441 947
441 1107
441 1530
441 894
441 1664
442 2026
442 666
442 1181
442 1882
442 1507
443 2080
443 1782
443 841
443 2350
444 1894
444 1707
445 926
445 1144
445 1047
446 1984
446 1614
446 1225
446 1155
447 1584
447 939
447 2105
448 1966
448 1670
448 2018
448 1793
449 2044
449 2278
450 1257
450 2268
451 1076
451 580
451 1126
451 657
452 2270
452 2447
452 771
452 641
452 708
453 1301
453 2139
453 2552
453 2217
454 2219
454 1827
454 2000
454 1170
454 593
454 1693
454 1197
454 2295
454 1055
454 1211
454 1279
455 611
455 1874
456 1399
457 2502
457 1308
457 977
458 2156
459 1800
459 2569
459 1565
459 2413
459 1092
460 2314
460 1099
460 2045
461 1849
462 602
462 1295
463 2548
463 589
463 814
463 2607
463 1056
463 2084
463 1886
463 658
464 678
464 1115
465 2384
465 1684
465 1468
466 2223
467 2234
467 1538
467 667
467 1678
467 965
467 1575
467 745
467 646
467 1805
467 1160
467 1261
467 1771
467 853
467 1091
468 1467
468 973
469 1413
470 1980
470 1959
471 1973
471 2290
471 1217
471 1375
471 1805
472 1222
472 2034
473 1963
473 2038
473 2079
473 2180
473 1582
473 1234
473 1299
473 612
473 1851
473 918
474 1460
474 588
474 2112
474 1336
474 530
474 1529
474 2373
474 1764
475 997
475 2002
475 993
475 1020
476 499
476 2296
476 1150
476 1986
477 2073
477 1974
478 631
478 2261
479 774
480 1365
480 756
480 1998
480 2009
480 881
480 1617
481 1797
481 2104
481 1134
482 2544
482 1270
482 845
482 2123
484 1363
485 2256
485 823
485 579
485 720
485 1171
485 1437
486 1541
486 1344
486 1684
486 2105
487 2151
487 1924
488 685
488 1150
489 2280
490 857
490 1118
490 2599
491 1484
491 2155
492 600
492 526
493 2344
494 773
494 1642
495 1702
496 2541
496 1362
497 824
497 785
497 1760
497 1422
497 693
497 1281
497 527
498 583
498 657
499 2296
499 1150
499 1986
500 2011
500 1724
501 2576
501 2233
501 1188
502 904
502 1582
503 1557
503 2435
503 950
503 2029
504 1812
504 1796
504 1603
504 1811
504 1130
504 1199
504 2262
505 1744
506 1733
506 2581
506 739
506 2105
506 983
507 1618
508 1672
508 1851
508 552
508 2180
509 1546
509 1163
509 1108
510 771
510 1539
511 1526
511 2339
511 1150
511 545
511 2526
511 1172
511 874
511 1314
511 1867
512 614
512 2529
513 1545
513 664
513 1039
514 2242
515 2283
515 1475
516 2457
517 2199
517 701
518 2211
518 1715
518 2025
519 2520
519 2238
519 1823
520 1618
521 1923
522 574
522 1605
522 933
523 1184
523 2589
524 2084
524 1890
525 2301
525 1024
525 1782
525 2558
525 2380
526 600
527 824
527 785
527 2479
527 1760
527 1422
527 693
527 1281
528 2399
529 1752
530 1460
530 588
530 2112
530 1336
530 1529
530 2373
530 1764
531 1076
531 1608
531 1799
531 582
532 912
533 818
533 2320
534 1453
534 898
534 2068
534 1091
535 985
535 833
535 2276
536 1922
536 951
536 847
537 1920
537 1436
537 632
537 1385
537 1512
537 1223
537 2237
537 1514
537 1322
537 613
537 884
537 1665
537 2252
537 965
538 2149
538 2356
539 1235
539 1643
539 621
540 2321
540 1801
541 2223
542 1127
542 1330
542 2225
543 2552
544 1117
544 2562
545 2296
545 1934
545 769
545 1768
545 956
545 1526
545 822
545 1247
545 826
545 1150
545 2516
545 874
545 1867
545 2339
545 2526
545 1172
545 1261
545 2043
545 1182
545 1314
545 806
546 2163
546 2205
547 2414
547 742
547 2307
547 1523
548 1944
548 1315
548 2551
549 2152
549 1464
549 2272
549 1560
549 1104
550 1274
550 777
551 1976
551 1360
551 2080
551 841
552 1672
552 1851
552 2180
553 1111
553 1254
553 1329
553 1754
553 1794
554 696
554 1500
554 2008
554 1352
554 1051
554 1805
555 1473
555 1471
555 1376
555 2549
556 1993
556 1308
556 586
557 766
558 577
558 598
558 1254
558 1377
558 851
559 727
559 1533
559 965
560 1736
561 1619
561 1982
561 1857
561 2547
562 954
562 2099
562 2076
562 908
562 771
562 2270
562 724
562 641
563 706
563 1671
563 1907
563 1271
563 2302
563 2057
563 1038
564 1497
565 2619
565 1567
567 2311
567 873
567 2137
567 713
567 1313
568 1546
568 1108
569 938
569 1544
569 1330
569 2533
569 2138
570 964
570 2084
571 2578
572 2128
573 1434
573 925
574 1605
574 933
575 679
576 2301
576 1700
576 2380
576 1356
577 1377
577 598
577 1254
577 851
578 1034
578 1996
578 607
579 1909
579 2256
579 823
579 918
579 720
579 1171
579 1437
579 752
580 1126
580 657
580 1076
580 1196
581 2028
581 1014
581 994
581 1112
581 1537
582 1029
582 1426
582 1076
582 1608
583 657
584 1470
584 1756
584 920
584 1149
584 1609
584 903
585 1745
585 2601
585 1137
586 1993
586 1308
587 2431
587 1627
587 2465
587 1631
587 1722
588 1460
588 2112
588 1336
588 1529
588 2373
588 1764
589 2548
589 1331
589 1819
589 814
589 2607
589 1056
589 2084
589 1886
589 658
591 2393
591 1078
591 858
592 783
592 1290
592 1865
593 2219
593 672
593 2000
593 1170
593 2293
593 1693
593 1618
593 2295
593 1055
594 616
594 1288
594 2227
595 2187
595 2277
595 1632
595 1267
595 1417
595 2193
595 1913
595 634
595 1218
595 1260
595 2074
596 1879
597 1818
597 2089
597 2299
597 1686
597 2608
597 2332
598 1377
598 1254
598 851
599 1085
601 1793
602 1295
603 1711
603 740
604 935
604 870
604 2205
604 2244
605 1968
606 2315
606 636
606 673
606 1947
606 1610
607 1034
607 1996
608 886
608 2195
608 1373
609 861
609 648
609 2474
609 761
609 1311
610 2231
610 749
611 1874
612 2038
612 2180
613 2237
613 884
613 1514
614 2529
615 2040
616 1288
616 2227
617 1862
617 1505
617 1229
617 2162
618 2106
618 1346
618 1102
618 2604
618 1052
618 1743
618 2147
618 2310
618 1639
619 915
619 2126
619 2612
620 1980
620 1445
621 1235
621 1643
622 1273
623 959
623 2085
623 2350
623 1006
624 1753
625 2534
625 764
625 1125
626 691
626 1788
626 1129
627 1701
627 1607
628 2059
628 791
628 1425
628 1882
628 1455
628 2049
628 663
629 700
629 1509
630 1010
630 2503
631 2261
632 1920
632 1436
632 1385
632 1512
632 1223
632 2252
632 965
633 854
633 2179
633 1965
633 1789
633 1456
633 2597
633 2425
633 1580
634 2187
634 2277
634 1632
634 1267
634 1417
634 2193
634 1913
634 1218
634 1260
634 2074
635 2522
635 1408
635 825
635 1839
635 804
635 702
636 2315
636 673
636 1947
636 1610
637 2159
637 771
637 1037
637 1780
638 2229
638 1580
639 1705
639 1343
639 1787
639 1937
639 1903
639 1164
639 1227
639 2480
639 1423
640 808
640 1684
640 2191
641 771
641 708
641 2270
641 2447
642 2201
642 1965
642 1859
642 1031
642 2021
642 2328
642 1440
642 2007
642 2127
643 978
643 2298
643 1689
643 940
643 1465
643 2598
643 2322
644 1359
644 1953
644 1917
644 1926
644 2606
644 883
644 1374
644 1657
645 1132
645 1588
645 2550
645 652
645 1313
645 2137
646 1366
646 1805
646 745
646 2234
646 1160
646 1261
646 1771
646 1356
646 1538
646 965
648 2474
648 861
648 1311
648 761
648 817
649 2443
649 1320
650 2257
650 1951
651 862
651 1049
651 1240
651 2304
652 1132
652 1588
652 2550
652 1313
652 2137
653 1962
653 1729
653 2597
653 1456
653 1356
654 1943
654 1321
654 1225
654 2136
654 2446
654 1721
654 2187
654 1731
655 1549
657 2417
657 1126
657 1076
657 694
657 1634
658 2548
658 1331
658 1819
658 814
658 2607
658 2084
658 1886
658 1056
659 2440
660 831
660 2069
661 2084
662 1698
662 766
662 1389
663 2059
663 791
663 1425
663 1882
663 1455
663 2049
664 1545
664 1039
665 2153
666 2026
666 2051
666 1230
666 1181
666 1880
666 2616
666 1882
666 1928
666 2072
666 2049
666 1507
666 965
666 2263
666 1009
666 1550
667 853
667 1091
668 1759
668 2397
669 2125
669 1769
669 1672
669 875
670 1166
670 2437
671 1323
671 1483
672 2293
672 2000
672 1618
673 1947
674 2290
674 1757
674 1394
674 1244
675 1324
675 1176
676 682
678 1115
680 2393
680 2439
680 1472
680 2070
680 2091
680 1959
680 1268
680 1064
680 1379
680 1174
680 895
680 952
681 1490
681 911
683 1064
684 2448
684 1477
684 1985
684 877
684 1681
684 2014
684 2375
684 2376
684 899
685 1150
686 963
686 846
686 1765
686 2528
686 1282
687 1318
687 1019
687 971
688 2444
688 812
688 1568
688 2539
688 840
688 1618
688 1516
689 2424
689 2086
689 2347
689 1221
690 923
691 1788
691 1129
692 2132
693 824
693 785
693 1760
693 1422
693 1281
694 2417
694 1634
695 2235
696 1500
696 2008
696 1352
696 1051
696 1805
697 1211
697 1596
698 2557
699 1205
699 2300
699 2154
700 1509
701 2199
702 2522
702 1408
702 825
702 1839
702 804
703 1777
703 879
703 2555
703 2338
704 1479
705 1971
705 1083
705 2105
706 1128
706 1671
706 1907
706 1271
706 2302
706 2057
706 1038
707 811
707 872
707 737
707 1639
708 2447
709 1734
709 1555
710 1027
710 2130
710 1586
710 2094
710 2215
710 928
711 1087
712 1805
712 1883
713 2137
714 1863
714 1088
715 1168
716 725
716 1005
716 1553
717 2496
717 748
718 2317
719 1635
720 823
720 2256
720 1171
720 1437
721 1259
721 1515
721 2266
722 2352
722 1110
722 2066
723 1486
724 771
725 1005
725 1553
726 2188
726 2591
727 1533
727 965
728 1228
728 1401
728 729
728 1871
729 1228
729 1401
729 1871
730 1150
730 1027
730 891
730 2130
731 1786
731 2366
732 852
732 1825
732 2503
732 1018
733 1413
733 1583
734 1737
734 2319
735 1462
735 2445
735 2353
736 2329
736 1260
736 1267
737 872
737 1639
738 1830
739 1733
739 2581
739 2105
739 983
740 1711
741 2077
741 2190
742 2414
742 2307
742 1523
743 1772
743 1105
744 782
744 1008
744 2192
744 1988
744 1630
744 1211
744 1596
745 1805
745 2234
745 1160
745 1261
745 1771
745 1538
745 965
746 1576
746 1017
747 2563
747 1915
748 2496
749 2231
750 1647
750 762
750 2186
750 2221
751 2180
752 1909
752 918
753 2114
754 1872
754 1298
754 2198
754 1659
755 1340
755 760
756 1365
756 1998
756 2009
756 881
756 1617
757 810
757 1241
757 1691
757 1405
757 2572
758 783
758 1290
759 2406
759 1443
759 2412
759 2273
759 1723
759 836
760 2255
760 1340
760 1101
761 2474
761 861
761 1311
761 817
762 1647
762 2186
762 2221
763 2044
763 2278
764 2534
764 1125
765 1661
765 1594
765 779
766 1698
766 1389
767 2568
767 2333
767 1663
768 2026
768 1095
768 1882
768 1505
768 2183
768 2072
768 2196
768 2390
769 1821
769 2296
769 822
769 1979
769 2209
769 2142
769 826
769 2043
769 1369
769 1466
769 2252
769 1261
769 1745
769 1066
769 1406
769 965
770 1233
770 1181
770 1882
770 2059
770 2072
771 1193
771 1690
771 2341
771 1648
771 908
771 1097
771 2270
771 871
771 2032
771 1783
771 954
771 2159
771 1539
771 1899
772 2067
773 1642
775 1231
775 1747
775 1502
775 2318
775 1822
776 1063
777 1274
778 2084
778 1997
778 1056
779 1661
779 1594
780 1272
780 1073
780 958
781 1363
781 916
782 1630
782 1008
782 2192
782 839
782 1988
782 2434
782 944
782 864
782 1211
782 1596
783 1290
783 1865
784 1459
785 824
785 1760
785 1422
785 1281
786 1877
786 1525
786 1350
787 2594
787 1918
787 858
788 1280
788 2010
789 1749
790 2007
790 1456
790 2597
791 2059
791 1425
791 1882
791 1455
791 2049
792 1921
792 1600
792 2616
792 2263
792 1137
792 1411
792 1230
793 1775
793 1358
793 1825
793 1854
793 2294
794 1914
794 1050
794 2549
794 1200
795 2438
795 2003
796 2264
797 1208
798 914
798 2290
798 1805
799 999
800 865
800 1100
801 2613
802 1341
802 1930
803 2385
803 1816
803 1011
804 2522
804 1408
804 825
804 1839
805 901
805 2583
805 960
806 2296
806 1768
806 826
806 1182
806 2516
808 1684
808 2191
809 1448
809 1256
809 2147
809 852
809 891
810 1241
810 1691
810 1405
810 2572
811 1278
811 2370
811 1029
812 2444
812 1568
812 2328
812 2539
812 840
812 1618
812 1516
813 2090
814 2548
814 2607
814 2084
814 1886
814 1056
815 996
816 2344
816 1306
816 1124
817 861
817 1311
818 937
818 2150
818 2320
819 1316
819 1603
819 2499
819 1831
820 1652
820 936
820 2535
821 892
821 946
821 979
821 830
821 1372
822 2296
822 826
822 2043
822 1261
823 2256
823 1171
823 1437
823 2342
824 1760
824 1422
824 1281
825 2522
825 1408
825 1839
826 2296
826 2043
826 1768
826 1182
826 2516
826 1261
827 2538
827 1076
827 2290
828 2056
829 1620
830 892
830 946
830 979
830 1372
831 2069
832 981
832 2462
833 985
833 1021
833 2276
833 2071
834 1107
834 1524
834 897
834 2226
834 2499
835 2212
835 1618
836 2406
836 1443
836 2412
836 2273
836 1723
837 2048
839 944
839 2434
839 864
840 2444
840 1568
840 2328
840 2539
840 1618
840 1516
841 1571
841 2579
841 1976
841 1748
841 2089
841 1360
841 2080
841 1006
841 2350
841 1992
841 2472
841 1782
841 917
842 2310
844 1556
844 1229
844 1676
845 2123
845 1270
845 2544
846 963
846 1282
846 2528
846 1765
847 1922
847 951
848 2138
849 1860
849 2407
849 2138
850 1811
851 1254
851 1377
852 2503
852 1448
852 1256
852 1825
852 2147
852 1018
852 891
853 1091
854 1006
854 1789
854 1580
855 1590
855 882
855 1598
855 1427
856 2493
856 1999
857 2599
857 1118
858 2393
858 1447
858 2223
858 2594
858 1078
858 925
858 1918
858 2216
858 1829
859 1229
860 1320
860 2409
860 2517
860 1835
860 1229
861 2474
861 1311
862 2304
862 1049
862 1240
863 2409
863 1606
864 2157
864 1641
864 2081
864 1170
864 2434
864 944
865 1100
866 1245
866 2559
866 1875
866 2566
867 1342
867 1823
867 1977
868 1814
868 1103
869 1905
869 2092
869 1746
870 1006
870 1531
870 2316
870 2055
870 2244
872 1639
873 985
873 2311
873 2137
873 1313
874 1526
874 2252
874 1554
874 2546
874 1150
874 2526
874 1172
874 1314
874 2339
874 1867
875 2125
875 1672
875 1769
876 1446
876 1870
876 2335
876 1622
877 2448
877 1681
877 2375
877 899
878 1187
880 1793
881 1365
881 1998
881 2009
881 1617
881 1482
882 1590
882 1598
883 1359
883 1917
883 1657
884 2237
884 1514
884 1322
884 1665
885 1710
885 1369
886 2195
886 1373
887 2161
888 1498
890 1702
891 2130
891 1150
891 1448
891 1256
891 2147
891 1027
892 946
892 979
892 1372
893 910
893 2420
894 1667
894 2468
894 947
894 1107
894 1530
894 1664
895 1959
896 1338
897 1791
897 1704
897 1448
897 2499
897 1524
897 2226
898 1453
898 2068
898 1091
899 2448
899 1681
899 2375
900 1226
900 1728
901 2118
901 2583
901 1044
901 960
902 1212
903 1470
903 1756
903 920
903 1149
903 1609
903 1948
904 1582
905 1123
906 1041
906 1004
906 2120
906 2419
907 2400
909 1596
909 1170
910 2420
913 2224
914 2290
914 1805
915 2126
915 2612
916 1363
917 1006
917 2579
917 1992
917 1338
917 2350
917 2540
917 2472
918 1909
918 2180
919 2206
920 1470
920 1756
920 1149
920 1609
921 1179
922 985
922 2062
922 2137
922 1000
924 1420
925 1434
925 1829
926 1144
926 1047
927 1662
927 1563
928 2130
928 1586
928 2094
928 2215
928 1027
929 2520
929 1476
930 1040
931 2416
931 2587
932 2336
933 1605
934 2042
934 2119
935 2205
936 1836
936 1652
936 2535
936 2279
937 1782
937 2150
937 2054
937 1232
938 2533
938 1544
938 1330
938 2138
939 2180
939 1332
939 1584
939 2046
939 2086
939 2105
940 978
940 2298
940 1689
940 1465
940 2598
940 2322
941 1551
941 1143
941 986
941 2122
943 1362
944 2434
945 2311
945 2139
945 2552
945 2137
946 1372
946 979
947 2468
947 1107
947 1530
947 1664
948 2391
948 2324
948 2430
948 1802
949 1489
949 2330
950 1557
950 2435
950 2029
951 1804
951 1922
951 2246
951 2135
952 2187
952 1753
952 1774
952 1472
952 1644
952 2401
952 1379
952 1174
952 1900
952 2469
952 1064
953 2498
953 1386
954 1899
954 2076
954 1808
954 2245
954 1726
954 2177
954 2341
955 957
955 2450
955 1243
955 1210
955 1983
955 1364
956 1526
956 1934
957 2450
957 1243
957 1210
957 1983
957 1364
958 1272
958 1073
959 1006
959 2085
959 2350
960 2583
961 1730
961 2001
961 2004
961 1302
961 2518
961 1121
962 1566
962 1454
962 2095
963 1282
963 2528
963 1765
964 1076
964 2084
964 1402
964 2139
964 2137
965 1880
965 1979
965 2252
965 1771
965 1066
965 1895
965 1406
965 1805
965 1436
965 1575
965 1821
965 1533
965 1369
965 1466
965 1160
965 1538
965 1678
965 1745
965 2234
965 1755
965 1261
965 1385
965 2142
965 1550
965 1920
965 2117
965 1223
965 1512
965 1928
965 2049
965 2209
966 2047
966 1610
966 2501
967 1822
967 2181
968 1753
968 1898
968 1946
969 1384
970 1949
970 1146
970 2144
970 1429
971 1318
971 1019
972 2290
972 2111
973 1467
974 1828
975 1027
975 2512
975 1035
975 2039
976 988
976 2308
977 2502
977 1308
978 2298
978 1689
978 1465
978 2598
978 2322
979 1372
980 2238
980 1823
981 2462
982 1547
983 1733
983 2581
983 2105
984 1403
984 1606
985 2258
985 2137
985 1610
985 1570
985 2344
985 1158
985 2062
985 1074
985 993
985 1537
985 2276
985 1000
985 1044
986 1551
986 1143
986 2122
987 1885
987 1906
987 2031
988 2308
989 1249
990 2515
990 1561
990 1133
990 1044
991 2175
991 2452
991 2137
992 2463
992 2287
992 998
993 1020
993 1074
993 2002
993 997
994 2028
994 1358
994 1014
994 1684
994 1112
994 1537
995 2396
997 2002
997 1020
998 2463
998 2287
999 1941
1000 2137
1002 2585
1002 2205
1003 2357
1003 1548
1004 2120
1004 1041
1004 2419
1005 1732
1005 1553
1006 2579
1006 1851
1006 2316
1006 2055
1006 1531
1006 1672
1006 2047
1006 2350
1006 1580
1006 1992
1006 1036
1006 2085
1006 2472
1007 2294
1007 1513
1008 2588
1008 1988
1008 2192
1008 1044
1008 1630
1008 1211
1008 1596
1009 2026
1009 1880
1009 2616
1009 1882
1009 2051
1009 1928
1009 2072
1009 1137
1009 2263
1009 1230
1010 1591
1010 1944
1010 2503
1010 1826
1011 1816
1011 2385
1012 1191
1012 1392
1012 1616
1012 2096
1013 1942
1013 1416
1013 1840
1013 1368
1013 2340
1013 2453
1013 2361
1014 2028
1014 1662
1014 1112
1014 1537
1014 2531
1016 2320
1017 1576
1019 1318
1020 2464
1020 1610
1020 2036
1020 1297
1020 1651
1020 2047
1020 2002
1020 1580
1020 2576
1020 1396
1020 1239
1020 1803
1020 2404
1020 2552
1020 2508
1021 2071
1022 2352
1022 2103
1022 1562
1022 2066
1024 2380
1024 1328
1024 2558
1024 2212
1024 1618
1024 2301
1024 1782
1025 2352
1025 1503
1025 1775
1025 1207
1026 2044
1027 1766
1027 1527
1027 2512
1027 2130
1027 2039
1027 1858
1027 1381
1027 1150
1027 1586
1027 2094
1027 1548
1027 2215
1027 1035
1029 1278
1029 2370
1030 1189
1031 1440
1031 2127
1031 1965
1031 1859
1032 1656
1032 2392
1032 1200
1033 2228
1033 1854
1033 2194
1034 1996
1035 2512
1035 2039
1036 1851
1036 1672
1036 1531
1036 2047
1037 1780
1038 1128
1038 1671
1038 1907
1038 1271
1038 2302
1038 2057
1039 1545
1041 2120
1041 2419
1042 2097
1042 2411
1042 2454
1042 2520
1042 2312
1043 2362
1043 1120
1044 2168
1044 2588
1044 1561
1044 1133
1044 2118
1044 2515
1044 1570
1045 2592
1045 2562
1046 1489
1047 1144
1048 1805
1048 2131
1048 1989
1048 1495
1048 1279
1048 1771
1048 1211
1048 2157
1049 1240
1049 2304
1050 1914
1050 2549
1050 2247
1050 1200
1051 1500
1051 1805
1051 1352
1051 2008
1052 2106
1052 1581
1052 1346
1052 2604
1052 1602
1052 1639
1052 1207
1052 2147
1052 1743
1053 2222
1054 2134
1055 2219
1055 2000
1055 1170
1055 1693
1055 2295
1056 2548
1056 1997
1056 1331
1056 1819
1056 2607
1056 2084
1056 1886
1057 2433
1057 2113
1058 2297
1059 1433
1059 1190
1060 1487
1060 1410
1061 2027
1062 1085
1064 2510
1064 2365
1064 2532
1064 1774
1064 1415
1064 2187
1064 2461
1064 1624
1064 2402
1064 1644
1064 1379
1064 1174
1064 2469
1065 2013
1066 2252
1066 2142
1066 1406
1066 1821
1066 1369
1066 1979
1066 1261
1066 1745
1066 2209
1066 1466
1067 1165
1067 1262
1068 2455
1068 1677
1068 1530
1068 1080
1069 1700
1069 2369
1069 1081
1069 2109
1070 1911
1070 1702
1070 2497
1071 2291
1071 2271
1071 1351
1071 2138
1072 1407
1072 2584
1073 1272
1074 1610
1074 2137
1074 1851
1074 1217
1074 1456
1074 1293
1075 1785
1076 1402
1076 2137
1076 1196
1076 1608
1076 2139
1076 2290
1076 1126
1076 2110
1076 1799
1076 2410
1076 2538
1076 2084
1078 2393
1079 1485
1079 1496
1080 2455
1080 1530
1080 1677
1081 1700
1081 2369
1081 2109
1082 1499
1083 1450
1083 2560
1083 2377
1083 1971
1083 2609
1083 2105
1083 1580
1084 2016
1084 1361
1084 2334
1085 1740
1085 1675
1086 2285
1086 1140
1086 2523
1086 1932
1088 1863
1089 2323
1089 1623
1089 1481
1089 2218
1089 1615
1089 2553
1090 1231
1090 1345
1090 1822
1090 1195
1090 1918
1091 2068
1091 1453
1092 1800
1092 2569
1093 2620
1094 1585
1095 1505
1095 2390
1096 1636
1096 1817
1096 2208
1097 1690
1099 2314
1099 2045
1101 2255
1102 2310
1103 1157
1103 2239
1103 1814
1104 2152
1104 1464
1104 2272
1104 1560
1105 2604
1105 1770
1105 2147
1105 2404
1105 1772
1105 2552
1106 1897
1106 2124
1106 1330
1106 1629
1106 2422
1106 2165
1107 2468
1107 1530
1107 1664
1108 1546
1108 1163
1109 2589
1109 1341
1110 2352
1110 2066
1111 1254
1111 1329
1111 1754
1111 1794
1112 2028
1112 1537
1113 2077
1113 1145
1113 2600
1113 1494
1113 1761
1113 1741
1114 2022
1114 1348
1114 1792
1114 2418
1116 2326
1116 2355
1116 1558
1116 2519
1116 1549
1116 2197
1116 1654
1116 2176
1117 2562
1118 2599
1119 1562
1120 2362
1121 1730
1121 2001
1121 2004
1121 1302
1121 2518
1122 1873
1122 2205
1124 1306
1124 2344
1125 2534
1127 1330
1127 2225
1128 1671
1128 1271
1128 2302
1129 1788
1130 1812
1130 1199
1131 2573
1132 1588
1132 2550
1132 1313
1132 2137
1134 1797
1134 2104
1135 1464
1136 1310
1137 2601
1137 1921
1137 1600
1137 1745
1137 1732
1137 2616
1137 2263
1137 2196
1137 1928
1137 1411
1137 2249
1137 1882
1137 1230
1138 1547
1139 1782
1139 2100
1139 1424
1140 2285
1140 2523
1140 1932
1141 1739
1142 2505
1143 1551
1143 2122
1145 2077
1145 2600
1145 1494
1145 1761
1145 1741
1146 1949
1146 2144
1146 1429
1147 2170
1148 2254
1149 1470
1149 1756
1149 1609
1150 2296
1150 2252
1150 2130
1150 2546
1150 2081
1150 1604
1150 1526
1150 1986
1150 1867
1150 2339
1150 1170
1150 2526
1150 1172
1150 1919
1150 1554
1150 1353
1150 1314
1151 1537
1152 2044
1153 2466
1154 1820
1155 1984
1155 1614
1155 1225
1156 1631
1157 2239
1158 2137
1159 1892
1159 1618
1160 1805
1160 2234
1160 1261
1160 1771
1160 1538
1161 2182
1161 1392
1162 2481
1163 1546
1164 1787
1164 1423
1164 1937
1166 2437
1167 1198
1167 1569
1167 2436
1169 2289
1169 1491
1170 1641
1170 2570
1170 1279
1170 1197
1170 1284
1170 1927
1170 2219
1170 1693
1170 1827
1170 1211
1170 1700
1170 2000
1170 2157
1170 2081
1170 2295
1170 1596
1171 2256
1171 1437
1172 1526
1172 2339
1172 2526
1172 1314
1172 1867
1173 1908
1173 2200
1173 2185
1174 1379
1175 1291
1175 1292
1176 1717
1176 1324
1178 1355
1178 2241
1180 1843
1181 2026
1181 1233
1181 1882
1181 2072
1181 1507
1181 2059
1182 2296
1182 1768
1182 2516
1183 2063
1183 1237
1184 2589
1185 2140
1185 1397
1186 2146
1186 1263
1186 2381
1188 2233
1188 2576
1190 1433
1191 1392
1191 1616
1191 2096
1192 2429
1192 1724
1193 1648
1194 2171
1195 1231
1195 1345
1195 1918
1195 1822
1197 1827
1198 1569
1198 2436
1199 1812
1200 2392
1200 1914
1200 2549
1200 2247
1200 1656
1201 1593
1202 1414
1203 1276
1203 1936
1203 1492
1203 1206
1203 1916
1204 2198
1204 1925
1205 2300
1205 2154
1206 1492
1206 1276
1206 1786
1206 1936
1206 1626
1206 1916
1206 1779
1206 2477
1207 1581
1207 1775
1207 2604
1207 1346
1207 1602
1207 1503
1207 2352
1207 2147
1207 1743
1209 2513
1209 1972
1209 1688
1209 2282
1209 1252
1210 2450
1210 1243
1210 1983
1210 1364
1211 1961
1211 1279
1211 1363
1211 1284
1211 2030
1211 1988
1211 2192
1211 1495
1211 1458
1211 1700
1211 2570
1211 1630
1211 2156
1211 1927
1211 1596
1213 2138
1214 2545
1215 2470
1215 1834
1216 1452
1217 1375
1217 1805
1217 2290
1217 1851
1217 1973
1217 1456
1217 1293
1218 2187
1218 2277
1218 1632
1218 1267
1218 1417
1218 2193
1218 1913
1218 1260
1218 2074
1219 1720
1220 2603
1220 1699
1221 2424
1221 2086
1221 2347
1222 2034
1223 1920
1223 1436
1223 1385
1223 1512
1223 2252
1224 1895
1225 1984
1225 1943
1225 1321
1225 1681
1225 2136
1225 2446
1225 2416
1225 1721
1225 1614
1225 2187
1225 1731
1226 1728
1227 1705
1227 1343
1227 2480
1227 1903
1228 1401
1228 1871
1229 1320
1229 1862
1229 2409
1229 1922
1229 2290
1229 1556
1229 1676
1229 2517
1229 2486
1229 1835
1230 2026
1230 1921
1230 1600
1230 2072
1230 2616
1230 1880
1230 2051
1230 1411
1230 1928
1230 1882
1230 2263
1231 1502
1231 1345
1231 1822
1231 1747
1231 2318
1231 1918
1231 2500
1232 2054
1233 2059
1233 2268
1233 1337
1233 2072
1233 2424
1233 1882
1233 2086
1234 1963
1234 1582
1235 1643
1236 1489
1237 2063
1238 1296
1239 2464
1239 1651
1239 2404
1240 2304
1241 1691
1241 1405
1241 2572
1242 2275
1242 1518
1242 1511
1243 2450
1243 1983
1243 1364
1244 2290
1244 1757
1244 1415
1244 1394
1245 1875
1245 2559
1245 2566
1246 1758
1246 1457
1247 2526
1247 2339
1248 1497
1250 1519
1250 1933
1252 2513
1252 1688
1252 2282
1252 1972
1253 2189
1254 1329
1254 1794
1254 1377
1254 1754
1255 1891
1256 1448
1256 2147
1257 2268
1257 2386
1258 1379
1258 1723
1259 2266
1260 2187
1260 2329
1260 2277
1260 1632
1260 1267
1260 1417
1260 2193
1260 1913
1260 2074
1261 2296
1261 2252
1261 1805
1261 1979
1261 1771
1261 1406
1261 2511
1261 2142
1261 1821
1261 2349
1261 1369
1261 1456
1261 1538
1261 1745
1261 2234
1261 1466
1261 1877
1261 2043
1261 2209
1263 2146
1263 2381
1264 1666
1264 1933
1265 1650
1266 1379
1267 2187
1267 2329
1267 2277
1267 1632
1267 1417
1267 2193
1267 1913
1267 2074
1269 2290
1270 2544
1270 2123
1271 1671
1271 1907
1271 2302
1271 2057
1273 1682
1275 2023
1275 2058
1275 1645
1276 1492
1276 1786
1276 1936
1276 1916
1276 1779
1276 2477
1277 2166
1279 1495
1280 2010
1281 1760
1281 1422
1282 1765
1282 2528
1283 2405
1283 2044
1283 1347
1284 1700
1284 2570
1284 1927
1285 2035
1286 2527
1286 2451
1288 2227
1289 2138
1290 1865
1291 1767
1291 2476
1291 2348
1291 1673
1291 2471
1291 1686
1291 2033
1291 2006
1291 1292
1293 1851
1293 1456
1294 1549
1294 1901
1296 2337
1296 1476
1296 1751
1296 2456
1297 2315
1297 2576
1297 1396
1297 1610
1298 1872
1298 1659
1299 2079
1300 2107
1301 2139
1301 2552
1301 2217
1302 1730
1302 2001
1302 2004
1302 2518
1303 2460
1303 2368
1303 2602
1303 2596
1304 2169
1305 2271
1305 2167
1306 2344
1307 1486
1308 1442
1308 2502
1308 2524
1308 1993
1309 1696
1309 1912
1311 2474
1311 1869
1311 2441
1311 1692
1311 1750
1311 1948
1312 2374
1312 1837
1313 2311
1313 2137
1313 2550
1313 1588
1314 1526
1314 2339
1314 2526
1314 1867
1315 1944
1315 2551
1316 1603
1316 2499
1316 1831
1317 1912
1319 2292
1319 1714
1320 2409
1320 2517
1320 2443
1320 1835
1321 1943
1321 2136
1321 2446
1321 1721
1322 1514
1322 1665
1323 1483
1327 1799
1327 2203
1327 2137
1328 2212
1328 1618
1329 1754
1329 1794
1330 1897
1330 2533
1330 1544
1330 1629
1330 2225
1330 2138
1330 2165
1331 1819
1331 2084
1332 2046
1332 2180
1333 2232
1334 1535
1336 1460
1336 2112
1336 1529
1336 2373
1336 1764
1337 2424
1337 2086
1338 2074
1339 1400
1341 1930
1341 2589
1342 1977
1342 1823
1343 1705
1343 2480
1343 1903
1344 1541
1344 1684
1345 1918
1345 1822
1346 2106
1346 1581
1346 2431
1346 2604
1346 2082
1346 1639
1346 2147
1346 1602
1346 1438
1346 1743
1347 2405
1347 2044
1349 1611
1350 1877
1350 1577
1350 1902
1350 1525
1351 2291
1351 2271
1351 2138
1352 1500
1352 2008
1352 1805
1353 1604
1353 1919
1354 1559
1355 2241
1356 1700
1356 1366
1356 2380
1356 2538
1356 1456
1356 1729
1356 1962
1356 2301
1356 2597
1357 2145
1357 1420
1358 1775
1358 1854
1358 1684
1359 1657
1359 1917
1360 1976
1360 2080
1361 2334
1361 2016
1362 2541
1363 2156
1363 2030
1364 2450
1364 1983
1365 1998
1365 2009
1365 1969
1365 1617
1367 1391
1367 2019
1367 2083
1367 1825
1367 2403
1368 1942
1368 1416
1368 1840
1368 2340
1368 2453
1368 2361
1369 2252
1369 2142
1369 2209
1369 1821
1369 1466
1369 1979
1369 1710
1369 1406
1369 1745
1370 1480
1371 2083
1373 2195
1374 1953
1374 1926
1374 2606
1374 1657
1375 1973
1375 2290
1375 1805
1376 1473
1376 1471
1376 2549
1378 1872
1379 1472
1379 1723
1380 2328
1380 2007
1381 1548
1381 2130
1382 1839
1382 2522
1382 1981
1383 2514
1385 1920
1385 1436
1385 1512
1385 2252
1386 2498
1387 1528
1387 2363
1388 1638
1388 1964
1388 1719
1389 2536
1389 1698
1390 1488
1390 1960
1390 1809
1390 1439
1391 2019
1391 2083
1391 1825
1391 2403
1392 2096
1392 2182
1392 2618
1392 1616
1393 2084
1393 1842
1394 2290
1394 1757
1395 1537
1395 1856
1395 1882
1396 2315
1396 1651
1396 2576
1396 1610
1397 2140
1400 1628
1400 1613
1401 1871
1402 2137
1402 2084
1402 2139
1403 1606
1404 2345
1404 2398
1405 1691
1405 2572
1406 2252
1406 2142
1406 1745
1406 1821
1406 1979
1406 2209
1406 1466
1407 2584
1408 2522
1408 1839
1409 2267
1409 2251
1410 1487
1411 1921
1411 1600
1411 2616
1411 2260
1411 2507
1411 2263
1412 1435
1412 1841
1412 1978
1412 1421
1412 1452
1412 1852
1415 2402
1416 1942
1416 1840
1416 2453
1416 2361
1416 2340
1417 2187
1417 2277
1417 1632
1417 2193
1417 1913
1417 2074
1418 1633
1418 2089
1419 2372
1419 1506
1420 1858
1420 1869
1420 1672
1420 1683
1420 2145
1420 2115
1420 1918
1421 1452
1421 1841
1421 1435
1422 2479
1422 1760
1423 1787
1423 1937
1424 1782
1424 2100
1425 2059
1425 1882
1425 1455
1425 2049
1427 1590
1428 2053
1428 2214
1429 1949
1429 2144
1431 2388
1432 2037
1435 1452
1435 1841
1436 1920
1436 2252
1436 1512
1437 2256
1438 2147
1438 2431
1438 1639
1438 2604
1439 1488
1439 1960
1439 1809
1440 2127
1440 1965
1440 1859
1441 1540
1441 2272
1441 1697
1442 2524
1443 2406
1443 2412
1443 2273
1443 1723
1444 2017
1444 1461
1445 1980
1446 1870
1446 2335
1446 1622
1448 1791
1448 1704
1448 2147
1449 1958
1449 1595
1449 1592
1449 1940
1450 2105
1450 2560
1450 2609
1450 2377
1451 1847
1452 1841
1453 2068
1455 2059
1455 1882
1455 2049
1456 1851
1456 1729
1456 1771
1456 2425
1456 2179
1456 2344
1456 2349
1456 2597
1456 1962
1456 1965
1456 2007
1456 2538
1457 1758
1458 1961
1460 2112
1460 1529
1460 2373
1460 1764
1461 2017
1462 2445
1462 2353
1463 1700
1463 2364
1463 1532
1464 2152
1464 2272
1464 1560
1465 2298
1465 1689
1465 2598
1465 2322
1466 2252
1466 2142
1466 1821
1466 1979
1466 1745
1466 2209
1468 2384
1468 1684
1469 2617
1469 2378
1470 1756
1470 1609
1471 1473
1471 2549
1473 2549
1474 2614
1475 2283
1476 2337
1476 1751
1476 2520
1476 2456
1477 2014
1477 2376
1477 1985
1478 2293
1478 1618
1481 1623
1484 2155
1485 1496
1488 1960
1488 1809
1489 2611
1489 2330
1491 2289
1492 1786
1492 1936
1492 1916
1492 1779
1492 2477
1493 2371
1493 1655
1493 2423
1493 2362
1494 2077
1494 2600
1494 1761
1494 1741
1500 2008
1500 1805
1501 2427
1501 1898
1502 1747
1502 2318
1502 1822
1503 2352
1503 1775
1504 2243
1505 1882
1505 2162
1505 2196
1505 2390
1507 2026
1507 1882
1508 2492
1510 2556
1511 2275
1511 1518
1512 1920
1512 2252
1513 2294
1514 2237
1514 1665
1515 2266
1516 2444
1516 1568
1516 2539
1516 1618
1517 2494
1518 2275
1519 1933
1520 2005
1521 1640
1521 1727
1521 2178
1521 2537
1522 1687
1523 2414
1523 2307
1524 2226
1524 2499
1525 1877
1526 2339
1526 2526
1526 1934
1526 1867
1527 1766
1527 1858
1528 2363
1529 2112
1529 2373
1529 1764
1530 2468
1530 1677
1530 1664
1530 2455
1531 2047
1531 1672
1531 1851
1532 1700
1532 2364
1534 1713
1536 1896
1536 1823
1537 1877
1537 1845
1537 2028
1537 1929
1537 1918
1537 2137
1538 1805
1538 2234
1538 1771
1540 2272
1540 1697
1541 1684
1542 1793
1543 1669
1544 2533
1544 2138
1548 2130
1548 2357
1548 1970
1548 2488
1549 1901
1549 2355
1549 2326
1549 1558
1549 1990
1549 2519
1549 2197
1549 1654
1549 2176
1550 1880
1550 1928
1550 2049
1551 2122
1552 2156
1554 2252
1554 2546
1555 1734
1556 1676
1557 2435
1557 2029
1558 2326
1558 2355
1558 2176
1558 2519
1558 2197
1558 1654
1560 2152
1560 2272
1561 2515
1562 1848
1562 2103
1562 2066
1562 2352
1562 2274
1563 1662
1567 2619
1568 2444
1568 2539
1568 1618
1569 2253
1569 2436
1571 1976
1571 1748
1571 2089
1571 2080
1572 1935
1572 2286
1572 1655
1572 2173
1572 2331
1573 2564
1573 2240
1574 2489
1575 1678
1577 1902
1578 2290
1578 2143
1578 1699
1579 2203
1579 1589
1580 1856
1580 2284
1580 2552
1580 2229
1580 2047
1580 2560
1580 1789
1580 1610
1580 2105
1581 2604
1581 1602
1581 2147
1581 1743
1582 1963
1584 2105
1586 2130
1586 2094
1586 2215
1588 2137
1588 2550
1589 2203
1590 1598
1591 1944
1591 1826
1592 1958
1592 1595
1592 1940
1594 1661
1595 1958
1595 1940
1596 2192
1596 1988
1596 1630
1596 2570
1596 2157
1597 2521
1599 2485
1600 1921
1600 2616
1600 2263
1601 1775
1601 2078
1601 1684
1602 2604
1602 2147
1602 1743
1603 1796
1603 2262
1603 2499
1603 1811
1603 1831
1604 1919
1606 2409
1606 2253
1607 1701
1607 2210
1609 1756
1610 2203
1610 2137
1610 2139
1610 2552
1610 1947
1610 2315
1610 2047
1610 2576
1610 2501
1614 1984
1615 2553
1616 2096
1617 1998
1617 2009
1618 2212
1618 1850
1618 1825
1618 1864
1618 1892
1618 2000
1618 2444
1618 2121
1618 2328
1618 2539
1618 2293
1619 1982
1619 1857
1619 2547
1621 1805
1621 1637
1621 1881
1622 1870
1622 2335
1623 2323
1623 2218
1624 2532
1625 1889
1627 2431
1627 2465
1627 1631
1627 1722
1628 2467
1629 1897
1629 2165
1630 2192
1630 1988
1631 2431
1631 2465
1631 1722
1632 2187
1632 2277
1632 2193
1632 1913
1632 2074
1633 2089
1634 2417
1636 1824
1636 2208
1636 1817
1637 1805
1637 1881
1638 1964
1638 1719
1639 2106
1639 2431
1639 2604
1639 2147
1639 1743
1640 1727
1640 2178
1640 2537
1641 2081
1641 2157
1644 2187
1644 1774
1644 2469
1645 2058
1646 2543
1647 2186
1647 2221
1649 1846
1651 2464
1651 2491
1651 2404
1652 2535
1653 2458
1653 2469
1654 2355
1654 2326
1654 2519
1654 2197
1654 2176
1655 1935
1655 2286
1655 2371
1655 2331
1655 2173
1655 2423
1655 2362
1656 2392
1657 1926
1657 2606
1657 1953
1657 1917
1659 1872
1660 2082
1662 2531
1663 2333
1663 2568
1664 2468
1666 1933
1668 1712
1668 2269
1668 1945
1671 1907
1671 2302
1671 2057
1672 2125
1672 2047
1672 2180
1672 1918
1672 1769
1672 1851
1673 1767
1673 2476
1673 2348
1673 1686
1673 2471
1673 2033
1673 2006
1675 1740
1677 2455
1679 2383
1680 2185
1681 2448
1681 2013
1681 1887
1681 2375
1683 1858
1683 2115
1683 1869
1684 2191
1684 1775
1684 2384
1684 2078
1684 2105
1686 1767
1686 2476
1686 1818
1686 2089
1686 2299
1686 2348
1686 2608
1686 2471
1686 2332
1686 2033
1686 2006
1688 2513
1688 1972
1688 2282
1689 2298
1689 2598
1689 2322
1690 2032
1691 2572
1692 1750
1692 2441
1692 1869
1692 1948
1693 2219
1693 2000
1693 2295
1694 1876
1694 2174
1695 2020
1695 2580
1696 1912
1697 2272
1699 2290
1699 2603
1699 2143
1699 2327
1700 2380
1700 2364
1700 2109
1700 2369
1700 1927
1700 2570
1700 2301
1702 1911
1702 2497
1703 2165
1704 1791
1705 2480
1705 1903
1707 1894
1708 2084
1708 2141
1709 2036
1712 2269
1712 1945
1714 2292
1715 2211
1715 2025
1719 1964
1721 1943
1721 2446
1721 2136
1722 2431
1722 2465
1723 2406
1723 2220
1723 2412
1723 2273
1724 2429
1724 2011
1725 1738
1725 2421
1725 2475
1725 2504
1726 2177
1727 2178
1727 2537
1729 1962
1729 2597
1730 2001
1730 2004
1730 2518
1731 2187
1732 1882
1732 1928
1733 2581
1733 2105
1735 2251
1735 1742
1738 2475
1738 2421
1738 2504
1741 2077
1741 2600
1741 1761
1742 2251
1743 2106
1743 2604
1743 2552
1743 2147
1745 2601
1745 2209
1745 2142
1745 1821
1745 1979
1745 2252
1746 1905
1746 2092
1747 2318
1747 1822
1748 1976
1748 2089
1748 2080
1750 2441
1750 1869
1750 1948
1751 2337
1751 2456
1753 1946
1753 1898
1754 1794
1755 2117
1755 1895
1757 2290
1757 2343
1759 2397
1761 2077
1761 2600
1762 2387
1763 2505
1764 2112
1764 2373
1765 2528
1766 1858
1767 2476
1767 2348
1767 2471
1767 2033
1767 2006
1768 2296
1768 2516
1769 2125
1770 2604
1770 2147
1770 2404
1770 2552
1771 1805
1771 2131
1771 2349
1771 1989
1771 2234
1773 2050
1774 2187
1774 2469
1775 2207
1775 1854
1775 2352
1775 2078
1775 2250
1776 2593
1779 1786
1779 1936
1779 2477
1781 2542
1782 2380
1782 2558
1782 2100
1782 2080
1782 2350
1782 2301
1784 2360
1784 2061
1786 2366
1786 1936
1786 2477
1787 1937
1790 1891
1792 2418
1793 1878
1793 2567
1793 2586
1795 1956
1796 1811
1796 2262
1797 2104
1798 1818
1799 2203
1799 2137
1799 2139
1799 2552
1800 2569
1801 2321
1802 2391
1802 2324
1802 2430
1803 2036
1803 2508
1804 2246
1804 2135
1805 2131
1805 1881
1805 1989
1805 1883
1805 2234
1805 1973
1805 1807
1805 2610
1805 2008
1805 2290
1807 1973
1807 2290
1807 2610
1809 1960
1810 1838
1811 2262
1815 1957
1815 2074
1816 2385
1817 2208
1818 2299
1818 2089
1818 2608
1818 2332
1819 2084
1821 2252
1821 2142
1821 1979
1821 2209
1822 2181
1822 2318
1822 1918
1823 2238
1823 1896
1823 1977
1823 2520
1825 2217
1825 2019
1825 2503
1825 1853
1825 2552
1825 2351
1825 2403
1825 2574
1825 1877
1825 1920
1825 2083
1825 2294
1826 1944
1831 2499
1832 1991
1834 2470
1835 2409
1835 2517
1836 2279
1837 2374
1838 2358
1839 1981
1839 2522
1840 1942
1840 2340
1840 2453
1840 2361
1842 2084
1844 2363
1845 1877
1848 2274
1850 2212
1850 2293
1851 2180
1851 2047
1852 1978
1853 1877
1853 2217
1853 2574
1854 2228
1854 2194
1855 1957
1855 2074
1855 2087
1856 2284
1856 1882
1857 1982
1857 2547
1858 1869
1858 2115
1859 1965
1859 2127
1860 2138
1861 2065
1864 2121
1867 2339
1867 2526
1869 2509
1869 2441
1869 2115
1869 1948
1870 2335
1872 1952
1872 2198
1873 2205
1875 2559
1875 2566
1876 2174
1877 2217
1877 2511
1877 2574
1880 2026
1880 2051
1880 2616
1880 1882
1880 1928
1880 2072
1880 2049
1880 2263
1882 2051
1882 2263
1882 2390
1882 2026
1882 2059
1882 2183
1882 2072
1882 2196
1882 2616
1882 1928
1882 2049
1884 2148
1885 1906
1885 2031
1886 2548
1886 2607
1886 2084
1887 2013
1888 2165
1891 2395
1893 2024
1895 2117
1895 2102
1897 2165
1898 2427
1898 1946
1902 2015
1902 2520
1902 2346
1903 2480
1904 2098
1905 2092
1906 2031
1907 2302
1907 2057
1908 2200
1908 2185
1910 2256
1910 2259
1913 2187
1913 2277
1913 2193
1913 2074
1914 2549
1915 2563
1916 1936
1918 2594
1918 2500
1920 2351
1920 2252
1920 2248
1920 2552
1921 2616
1921 2263
1922 2290
1924 2151
1925 2198
1926 2606
1926 1953
1927 2570
1928 2026
1928 2051
1928 2616
1928 2072
1928 2049
1928 2263
1931 2083
1931 2081
1931 2309
1932 2285
1932 2523
1935 2173
1935 2286
1935 2331
1936 2477
1938 2449
1939 2084
1939 2093
1940 1958
1942 2340
1942 2453
1942 2361
1943 2446
1943 2136
1944 2551
1945 2269
1947 2315
1948 2441
1949 2144
1950 2223
1951 2257
1953 2606
1954 2482
1955 1967
1957 2074
1957 2087
1959 2108
1959 2525
1959 1980
1962 2597
1965 2179
1965 2597
1965 2425
1965 2127
1970 2488
1971 2105
1972 2513
1972 2282
1973 2290
1973 2610
1974 2073
1976 2089
1976 2080
1979 2252
1979 2142
1979 2209
1980 2108
1980 2525
1981 2522
1982 2547
1983 2450
1985 2014
1985 2376
1986 2296
1988 2192
1989 2131
1992 2379
1992 2579
1992 2350
1992 2472
1994 2172
1994 2160
1995 2204
1997 2084
1998 2009
1999 2493
2000 2219
2000 2293
2000 2295
2001 2004
2001 2518
2003 2438
2004 2518
2006 2476
2006 2348
2006 2471
2006 2033
2007 2344
2007 2021
2007 2328
2007 2201
2007 2597
2012 2459
2014 2376
2015 2520
2015 2346
2016 2334
2019 2083
2019 2403
2020 2580
2021 2201
2021 2328
2025 2211
2026 2616
2026 2051
2026 2183
2026 2072
2026 2263
2029 2435
2030 2156
2033 2476
2033 2348
2033 2471
2036 2508
2038 2180
2039 2512
2041 2084
2042 2119
2043 2296
2044 2278
2044 2405
2045 2314
2046 2180
2047 2552
2047 2501
2049 2059
2051 2616
2051 2072
2051 2263
2052 2590
2052 2442
2053 2214
2055 2316
2057 2302
2061 2360
2066 2103
2066 2352
2072 2616
2072 2183
2072 2263
2074 2187
2074 2277
2074 2087
2074 2193
2075 2408
2077 2600
2077 2190
2080 2089
2080 2350
2081 2157
2081 2309
2081 2083
2083 2309
2083 2403
2084 2548
2084 2093
2084 2137
2084 2139
2084 2389
2084 2141
2084 2552
2084 2607
2085 2350
2086 2347
2086 2424
2088 2466
2088 2303
2089 2608
2089 2332
2089 2299
2094 2130
2094 2215
2097 2411
2097 2454
2097 2520
2097 2312
2103 2352
2105 2581
2105 2560
2105 2609
2105 2377
2106 2604
2106 2147
2108 2525
2109 2369
2110 2139
2110 2410
2111 2290
2112 2373
2113 2433
2116 2184
2116 2562
2120 2419
2123 2544
2124 2422
2126 2612
2129 2253
2130 2215
2135 2246
2136 2446
2137 2203
2137 2139
2137 2552
2137 2311
2137 2175
2137 2550
2137 2452
2138 2533
2138 2291
2138 2271
2139 2217
2139 2410
2139 2311
2139 2552
2142 2252
2142 2209
2143 2290
2146 2381
2147 2552
2147 2431
2147 2604
2147 2404
2149 2356
2152 2272
2154 2300
2158 2575
2160 2172
2163 2205
2164 2490
2167 2271
2168 2515
2173 2286
2173 2331
2175 2452
2176 2326
2176 2355
2176 2519
2176 2197
2178 2537
2179 2597
2179 2425
2182 2618
2184 2562
2185 2200
2186 2221
2187 2193
2187 2277
2187 2469
2188 2591
2193 2277
2194 2228
2196 2249
2197 2355
2197 2326
2197 2519
2201 2328
2202 2265
2205 2585
2207 2250
2209 2252
2212 2293
2213 2478
2217 2552
2217 2574
2218 2323
2219 2295
2220 2273
2223 2393
2226 2499
2233 2576
2238 2520
2240 2564
2251 2267
2252 2546
2256 2259
2260 2507
2260 2616
2263 2616
2271 2291
2273 2406
2273 2412
2281 2325
2282 2513
2285 2523
2286 2331
2287 2463
2290 2343
2290 2610
2290 2538
2296 2516
2298 2598
2298 2322
2299 2608
2299 2332
2301 2380
2301 2558
2303 2466
2306 2483
2307 2414
2311 2552
2312 2411
2312 2454
2312 2520
2313 2410
2322 2598
2324 2391
2324 2430
2326 2355
2326 2519
2330 2611
2332 2608
2333 2568
2337 2456
2339 2526
2340 2453
2340 2361
2345 2398
2346 2520
2347 2424
2348 2476
2348 2471
2350 2379
2350 2579
2350 2472
2351 2552
2353 2445
2354 2615
2355 2519
2361 2453
2362 2423
2362 2371
2367 2487
2368 2460
2368 2602
2368 2596
2371 2423
2375 2448
2377 2560
2377 2609
2378 2617
2380 2558
2382 2582
2391 2430
2393 2439
2404 2464
2404 2604
2404 2552
2406 2412
2409 2517
2411 2454
2411 2520
2416 2587
2421 2475
2421 2504
2425 2597
2431 2604
2431 2465
2432 2495
2442 2590
2444 2539
2451 2527
2454 2520
2458 2469
2460 2602
2460 2596
2465 2536
2469 2510
2471 2476
2472 2579
2475 2504
2506 2605
2507 2616
2548 2607
2552 2604
2559 2566
2560 2609
2561 2577
2562 2592
2596 2602
