184 572
322 322
322 344
322 871
322 849
322 489
322 938
322 774
322 934
322 487
322 742
322 892
322 544
322 535
322 516
322 729
322 600
322 810
322 991
322 872
322 888
322 589
322 682
322 356
322 842
322 776
322 483
322 408
322 471
322 533
322 401
322 371
322 515
322 901
322 645
322 963
322 443
322 352
322 719
322 981
322 367
322 521
322 791
322 651
322 860
322 485
322 442
322 502
322 418
322 457
322 700
322 433
322 456
322 358
322 480
322 444
322 766
322 982
322 975
322 935
322 598
322 841
322 593
322 763
322 564
322 458
322 369
322 472
322 715
322 629
322 811
322 623
322 507
322 977
543 543
543 821
543 891
543 585
543 697
543 618
543 690
543 653
543 804
543 546
543 848
543 745
543 979
543 795
543 997
543 879
198 198
198 713
198 662
198 230
198 821
198 269
198 559
198 580
198 211
198 893
198 946
198 679
198 610
198 503
198 701
198 285
198 691
198 697
198 618
198 913
198 664
198 690
198 209
198 280
198 321
198 830
198 223
198 372
198 1001
198 385
198 579
198 804
198 546
198 725
198 875
198 202
198 870
198 547
198 275
198 233
198 924
198 434
198 665
198 868
198 500
198 732
198 948
198 398
198 862
198 335
198 615
198 507
198 453
415 415
415 532
415 829
415 933
415 534
415 423
415 759
415 960
588 588
588 993
588 846
588 650
588 976
588 898
588 752
588 602
588 751
588 658
588 675
588 611
588 621
588 686
588 828
450 450
450 992
450 672
450 561
450 983
992 992
572 588
572 572
572 846
572 937
572 601
572 721
572 821
572 688
572 898
572 752
572 658
572 611
572 998
572 585
572 796
572 916
572 576
572 699
572 636
572 604
572 579
572 720
572 900
572 622
572 974
572 809
572 955
572 642
572 943
572 966
572 848
572 823
572 738
572 792
572 868
572 728
572 869
572 997
572 894
572 956
572 866
706 706
706 880
706 815
706 723
706 805
706 971
706 953
706 996
706 779
706 762
706 905
706 833
706 819
706 802
706 904
706 984
706 932
706 908
706 923
706 883
706 711
706 838
706 988
706 801
706 731
706 882
706 768
706 816
706 989
706 922
706 800
706 968
706 863
706 807
706 921
743 743
743 928
743 785
743 789
743 916
743 744
743 771
743 753
743 869
743 950
743 767
743 995
743 858
743 782
743 808
743 972
743 986
281 281
281 820
281 918
281 531
281 342
281 347
281 845
281 685
281 655
281 378
281 325
281 674
281 772
281 389
281 490
281 648
281 954
281 437
281 985
281 881
281 910
281 969
281 377
281 736
281 709
281 803
281 470
281 973
281 778
281 857
281 822
281 575
281 978
281 794
281 770
281 481
281 917
281 638
281 896
281 337
281 353
281 626
281 878
281 365
281 336
281 704
281 780
281 835
281 640
281 428
281 897
281 467
281 695
281 670
281 333
281 951
281 566
281 400
281 379
281 906
281 961
281 351
281 717
281 587
213 213
213 827
213 360
85 85
85 417
85 538
85 839
85 340
85 120
85 930
85 366
85 157
85 219
85 571
85 214
85 834
85 760
85 331
85 388
383 383
383 411
383 445
383 387
383 466
383 931
383 508
383 635
383 438
383 639
383 573
383 463
383 855
383 949
383 498
383 694
383 859
383 609
383 722
383 911
383 497
383 439
383 491
383 698
383 468
383 785
383 836
383 692
383 492
383 788
383 403
383 714
383 777
383 616
383 634
383 865
383 606
383 749
383 916
383 617
383 552
383 887
383 1000
383 386
383 619
383 637
383 496
383 407
383 546
383 512
383 929
383 994
383 432
383 540
383 798
383 895
383 501
383 577
383 907
383 568
383 583
383 599
958 958
958 999
958 1001
153 153
153 799
153 289
153 514
153 348
153 831
153 756
153 179
153 493
153 625
153 308
153 667
153 847
153 370
153 256
153 177
153 999
153 220
153 537
153 366
153 677
153 962
153 242
153 510
153 815
153 825
153 292
153 312
153 967
153 454
153 673
153 157
153 660
153 338
153 448
153 659
153 430
153 748
153 876
153 945
153 693
153 912
153 701
153 155
153 942
153 765
153 741
153 840
153 773
153 702
153 462
153 796
153 824
153 290
153 441
153 350
153 191
153 812
153 864
153 641
153 953
153 746
153 293
153 536
153 856
153 355
153 578
153 726
153 966
153 644
153 899
153 197
153 570
153 465
153 176
153 843
153 553
153 990
153 335
769 769
769 965
769 826
769 788
769 787
769 781
769 964
769 920
769 854
769 850
769 947
769 818
769 926
769 970
769 771
769 877
769 909
661 661
661 790
661 903
661 724
661 775
661 980
661 784
661 747
661 889
661 940
661 987
661 886
661 844
661 797
661 957
661 793
661 727
661 944
661 874
661 712
661 757
661 710
661 925
661 936
661 867
661 915
661 758
661 755
661 832
661 852
661 733
661 708
661 718
661 885
661 960
661 919
814 992
814 814
814 999
814 927
814 967
814 941
814 817
814 902
814 914
814 939
814 996
814 853
814 819
814 861
814 952
814 890
814 932
814 923
814 988
814 922
814 968
67 322
195 588
417 588
317 588
53 958
82 383
647 661
160 588
160 572
167 588
764 992
368 769
756 814
23 588
23 743
527 661
513 661
445 743
166 383
390 588
390 661
268 383
493 588
493 572
282 322
30 153
436 769
466 769
103 588
414 743
455 769
476 572
100 661
313 572
313 743
689 992
104 153
601 661
111 153
319 743
132 153
114 743
517 958
657 661
288 661
594 661
278 814
650 661
47 743
375 814
113 153
234 415
551 588
207 383
207 769
286 383
156 572
438 743
154 281
666 743
449 588
284 543
174 383
174 769
327 706
210 769
584 769
573 743
109 743
109 383
46 588
87 281
87 769
821 958
676 958
24 153
402 814
705 814
574 769
509 661
226 450
226 992
34 769
211 958
11 281
11 769
537 958
537 814
522 814
92 415
9 661
81 958
164 814
380 814
298 958
228 588
228 572
555 769
62 383
232 661
73 322
127 661
51 415
750 814
72 769
392 661
110 322
274 814
123 588
754 814
813 814
13 706
13 153
13 814
312 572
309 383
105 769
27 572
131 706
131 153
131 814
703 814
65 814
89 814
118 992
118 814
361 706
63 383
734 814
18 769
267 322
249 281
582 661
497 743
171 661
297 743
297 383
126 153
57 661
525 661
258 769
29 743
170 769
193 198
283 415
602 661
148 543
115 281
143 543
491 743
222 706
42 322
69 661
475 661
468 743
506 588
605 661
270 281
683 769
363 661
76 769
334 814
730 769
52 198
52 588
52 572
52 958
136 661
581 743
341 588
495 572
959 992
505 769
219 588
219 572
265 281
586 661
627 661
561 992
107 814
183 769
389 769
35 281
75 706
362 706
231 769
473 572
473 661
108 706
108 153
2 743
567 572
162 661
395 588
692 743
125 153
376 661
357 706
735 743
225 743
225 383
425 769
146 743
146 383
503 958
91 661
318 588
318 572
84 198
658 661
499 814
212 661
837 992
271 281
276 281
96 281
737 814
633 769
482 588
405 572
189 814
736 769
701 706
701 814
158 769
504 769
404 769
134 383
302 661
263 322
563 572
22 814
36 661
173 383
630 814
259 383
549 661
39 322
266 661
526 814
300 814
79 769
64 661
612 814
486 661
240 814
71 322
479 769
382 661
421 814
119 383
28 814
396 661
311 814
80 814
169 543
616 743
783 814
413 661
381 572
381 958
117 281
440 661
511 814
98 588
66 153
68 743
68 383
83 198
129 814
596 769
49 281
149 572
613 706
613 814
590 706
590 814
21 769
805 814
331 588
331 572
12 958
94 769
373 769
273 572
32 706
32 153
150 281
151 281
151 769
41 322
620 769
205 706
78 661
696 769
185 281
236 383
236 769
416 661
320 706
320 814
562 769
597 661
116 198
690 958
519 769
290 706
556 958
3 661
420 661
328 661
206 322
656 814
31 543
388 706
251 572
61 814
591 958
595 661
301 992
394 706
295 814
523 572
218 743
484 706
484 814
643 743
291 706
291 814
33 322
37 153
140 706
140 153
565 661
606 769
178 322
44 661
264 281
412 661
227 769
330 743
681 769
467 769
429 572
287 769
216 322
95 322
279 661
314 383
314 769
641 706
165 572
359 572
124 743
614 769
248 281
161 706
200 543
200 572
135 769
199 543
670 769
55 281
208 281
204 958
26 706
26 153
40 958
310 706
333 769
130 572
181 743
181 383
187 769
746 958
303 322
163 706
477 769
293 706
90 572
50 706
316 769
128 415
6 706
6 814
250 322
536 814
452 743
239 661
247 588
761 769
474 769
349 706
252 572
324 572
346 769
43 706
43 814
628 814
237 706
145 743
464 769
707 769
243 958
539 706
478 572
224 769
10 153
569 743
329 383
223 543
25 769
654 769
786 814
632 743
142 572
133 814
669 769
304 769
385 543
245 814
253 322
238 450
238 992
244 769
530 588
550 661
326 769
188 383
469 743
93 198
546 572
716 769
138 281
88 814
203 588
203 572
192 814
14 706
740 769
739 769
652 706
762 958
364 769
391 543
391 572
194 814
102 769
608 661
520 769
642 958
70 958
427 543
409 814
246 383
202 572
202 743
7 706
17 572
700 992
592 814
48 958
262 572
447 958
221 281
296 814
15 588
15 572
275 543
275 572
488 543
488 572
393 543
393 743
384 543
384 572
528 814
345 415
345 588
54 743
294 383
5 85
5 153
58 322
554 706
426 814
459 572
112 322
20 814
159 769
8 383
399 706
631 743
434 543
461 572
261 572
261 958
560 706
687 706
738 743
277 958
196 743
649 706
197 706
446 706
56 322
397 743
86 383
77 153
646 992
260 814
570 572
424 706
182 588
182 572
668 743
541 743
343 814
176 706
4 322
141 706
215 572
106 322
806 814
144 706
144 814
229 588
229 572
332 572
323 958
684 743
315 814
186 588
19 198
121 743
16 383
257 383
680 706
168 743
97 383
518 814
217 383
217 769
299 706
553 706
435 743
542 814
548 743
180 322
607 706
272 661
524 814
59 706
460 958
460 814
884 958
545 958
122 661
307 588
60 198
663 814
147 322
671 706
624 743
255 706
678 706
74 706
431 743
38 572
851 958
235 543
235 958
494 958
422 706
422 814
1 706
529 543
873 958
335 706
172 322
410 706
557 958
603 958
615 958
354 743
406 814
306 706
451 706
451 814
201 706
201 814
241 743
339 743
99 383
190 322
254 322
419 706
101 572
558 958
139 706
175 814
137 198
305 572
374 958
45 588
453 543
152 958
