# initial seed set community > 100 members louvain (index mulai dari 1)
7820 448 2422
5629 12228 1875
16479 9955 361
1575 8227 6338
1039 13634 13749
13070 7707 17134
16372 11788 2132
10476 7491 10101
14595 8961 9698
2098 9627 10647
8424 13140 955
483 6329 8638
10849 9294 2673
1168 11784 11441
6011 11496 12770
8137 16802 8111
9951 168 57
885 1418 11181
4334 705 2581
12215 6401 17228
1946 13603 1025
8804 12156 8484
9761 11885 2543
11983 3669 1392
8706 6891 3306
14183 5764 5284
5999 10923 1559
6104 12952 12990
4046 7131 15743
16635 8329 15464
6541 9248 1111
16872 14773 1176
2788 14180 5944
6721 2404 9114
11195 17030 11915
10678 16954 10027
7745 8776 15887
12078 9941 890
