The network has 17296 nodes with 49627 edges.
Finish constructing graph.
-------------------------------------------------------
Seed Set :  [7820  448 2422]
[  448  7820  2422  8867  2193 13475  6996  7130 13024 14415 16163 13117
 11835 14605  2343 10589 16031 14364 16458  8370  5843 15409 15645 16758
  1145   748  4704  1243   245 14474 11070 15666 10679   239  9721 12461
 16119 10522 16322 11860  3198]

Seed Set :  [ 5629 12228  1875]
[ 1875  5629 12228 10576 13192  9819 14517  1361  7117  1637   833 14623
  5452 10742 12231  7892  2213 16972 16296 14428 13705  4131  2395 17126
  7525  8124 11203 12037 10628  4429 14137  3414  9547 11333 12329 16259
 15892  5349  9466 12666  5584]

Seed Set :  [16479  9955   361]
[  361 16479  9955  2527  3672  8143  5723  7486 14200 13822  3055    44
  8568  7577  1070 12126 11865  3706 16989  4215  8007  2620  8905 15192
 14667 13638  1649 14701 14543 11456  8630  8267 13166 16759  3952 13481
 15082  6846   582  2718 13529]

Seed Set :  [1575 8227 6338]
[ 6338  1575  8227  1999  7920  3741  4484  3350 15805 14152 10514  5023
  4529 13039  7288 13254  2867 12909 14419 10014 13950 12591  2566  3185
  3000 11675 12471 10722  9610  6074 10847 10699 16229  2788  1133  8327
  7259  7838  9727 14153  2448]

Seed Set :  [ 1039 13634 13749]
[13749  1039 13634 15918  4138 14158  8098  4871  8251  5112 12709 13105
 15215  9090 10694  6191  1011  8280  2263 15806  5405  8091 12621  8514
  5380  6377 16032  8138  5377  9870  4144   585  4063  3152  9490  8275
 15415 16186 16695   840  6185]

Seed Set :  [13070  7707 17134]
[ 7707 17134 13070 10690  5344  2345 11836 13057 14000 12012 16606  7960
 13483  5020 10765  6363  5030 11894 16050  9752  8328 14491   674 12894
  4794  4814  6014  8146 11989  2999  7416  4359  9188 17080 14314  5811
  5138  2994 14522 16391  1773]

Seed Set :  [16372 11788  2132]
[11788 16372  7682 14293 15393   516  5402 11057  1072  9773  7615  2132
  3443  7453  9216  6225  7382 16967 11373 11887 15992  1314 15378 10342
  5216 12209 13440  1716  1568  9067   746  8598  1692 12055  4604 11746
  9950  2319  6305 11766  1869]

Seed Set :  [10476  7491 10101]
[10476  7491 10101  4553 11242 16584 12901  9726 14566  8403  1413 13393
  2446  7591  2848  6717  7023  1652  7709  6562  5600 12191  3135  7069
   739 17066 16850 13300  3086  7993 12817  2423  9899 13811 13069 14164
  8245 13736  6950  3778  1507]

Seed Set :  [14595  8961  9698]
[ 8961 14595  9698  8966 15057 12387  6533  9949 13380  7265 12365 11019
 14749  7819 16631 11933  7151 16116 13907 12455  3172  4751 10929 15638
  8109  8692  9805 13147 13550  2042  1466   234  1925  1282 13532  6491
  1490 15531  5518 13930  2600]

Seed Set :  [ 2098  9627 10647]
[ 9627  2098 10647 15100 12491 12271  8420  5181 13045   514 15653 16642
 11283  5378  5997 15963 15009 16799  9921 11362  2778  5096 12063 13337
  5841 14450 15467 15334  6378 11114 12002 10686 14433  6463  6486  6705
  7347  2750 12220 11862   577]

Seed Set :  [ 8424 13140   955]
[13140  8424   955  8171 12605  5387  2803 13003 13565  1491  8371  8827
 17241  9399  7748  4322  2729    37 17073 14037  4199  2845 16175 12217
  4980  8947 15557 15606  8611   537  1188 10784 10166 10391  2935 13702
 10201  6762  7976 16922 13605]

Seed Set :  [ 483 6329 8638]
[ 6329   483  8638 11014  6588 16150  6655  5733  5955 13219  6685 13856
  4916  6243  5044  4959  6095 16427  5913 16363 13204 16575 10149  6008
 11143 16069 16912 16514 11248 10350   717 16281  6638 15539  1307  8715
 11927  7133  1229  3908  3495]

Seed Set :  [10849  9294  2673]
[ 9294  2673 10849   393  6477 13676   867 13849 10359  7712 13064 10377
 11006 17266  9716  2013  3953 16624  4062  6245    36  7258 11112 13471
 11791 15150   421  7331 10436  5495  4299  6875 13328 12654  2234    48
 13477 15115  3834   792  7511]

Seed Set :  [ 1168 11784 11441]
[11784 11441  1168  9161  5695  7535 17099 17194 13338 16143 17115  3021
  6162 16295   839  7415  8302 15266  2198  2808 13314 15148 10636  8974
 14979 12785 12840  9690 13900  9034 14564 12359  1187 12214 12551 12559
 13820 15455 10497  3401  1319]

Seed Set :  [ 6011 11496 12770]
[12770 11496 16536  3371   283 10922 12995  5031  8944  5718 10657  7170
  4983 15560  6011    50  7361  7014 16529  5917  2114 11515  4539 10604
  2888 17056  4392  6123 13257 14937    43 10916  3368  6783  1703  8831
  3102  9548 14776  6739 13612]

Seed Set :  [ 8137 16802  8111]
[ 8111  8137 16802  4029 16024 17060  4452 13402 12891 10346 13468 14775
 10831  6064 10520 16771  8417  5672 10035 14345  8595  1868  3929   264
  7806  7333 14510 11686  9772  5256  8453 14710  6140  1443 12185  6810
  7644  5932 11719  1215 15777]

Seed Set :  [9951  168   57]
[ 9951    57   168 10302  1404  5924  6223  9596  4503  2298  8422 13496
  3453 15129  5087 11501 11907  2612 12096  8235  9757  1463  9604 10644
  2545  6999 13852 14042  7633  6096 15023 13027 13678  1082 10333  7853
  2944  4353  8801  8404  5127]

Seed Set :  [  885  1418 11181]
[  885 11181  1418  9637  3783 13349 17184  2016 17148 12468  8318  4356
 15973  8089  7078  5251 14935  5010  7580  5186  6746 12705 12286  6983
  3988 15597 17190 12679  3061  1505  3333  7941 16413  7823  8507 11692
 15460  3853   262  1455 11394]

Seed Set :  [4334  705 2581]
[ 2581  4334   705 13525 14449 12884  7829  4571  9919 10968  5928  7700
  5625  6373  2113 15989  6817  8362 15538 14301 12985 14170   584 10137
  5683  7240  6802 14664  3489  8252  2826 14422 17245 15866  1472  4239
  8076 15604  8610 16130 11498]

Seed Set :  [12215  6401 17228]
[17228 12215  6401  5288  5041 12768 16081 12242 14559 12759  9181 10881
  1544 10279  9162  1654 17095  2859 13549  3715  3187 15833  7696  1495
  1442 17123  4480   291  1619 15222  3518  7215  6578 13821 13737  2273
  4173 16570  6421  7599  9940]

Seed Set :  [ 1946 13603  1025]
[ 1025  1946 13603 17100 16593  3396  2587 16898  3012  4434   172  7040
  2796   106  8398 15133  7189 12642  3746 16446  6339 17269  3801  8580
  6321  2252 13850  7010  2880 14203  7902  3655  9063  5336 11690 15640
 14983  6299   534  2504  5815]

Seed Set :  [ 8804 12156  8484]
[ 8804 12156 10447 10743 12725  9913   859 12926 14630  6774 15389  8593
 13722 12866  4879  1216  7524  5727  1260  9239 12875 17196 11809  5040
  7191  8564 15598 11775  5855  2134  8484  3270 11497  3145  5688 11040
 13232  7203  7769  1376  9045]

Seed Set :  [ 9761 11885  2543]
[ 2543 11885  9761  2115  3679  7029 13354 11738  5889  5445 12383  5663
  2144  1355  6995 11740 10759  4941  4986 10867  7212 11412 16737   616
  3537 15504  7079  4165   788  7208  7912 14285  1237  1698  2381 10383
 14144   520 10148 10693   278]

Seed Set :  [11983  3669  1392]
[ 3669  1392  9010  7506 11983  3045    98 12103   434  3855  1022  4790
  6155 15239  4211 10828  6359   841  2398 11077  5738 12230 13952 15059
  8034  8221  4834 16919 10900 10866  2047 16893  5361  3129   225  2021
  2780  7788   214  5515 16423]

Seed Set :  [8706 6891 3306]
[ 6891  8706  3306  1048  4140  7937 13769  4283 10687 10595 13423  3689
  3056  1213 10191  8983  7241  8510  5053 12361 14600  7534   825  1274
  2565  6284 10525 14306 12237 11873 14222  2388  2445  2377 11916  5559
  4797  3101 12325 15921 13563]

Seed Set :  [14183  5764  5284]
[14183  5764  5284 14382  1294  1589  8685  2060  2408 16840 10114  2829
  1595 14973 11938  7514  3986  2201   325  7985  1235  3294  4528  1755
  4713 11349  1500  1394  8943  7845  4182 11244  7800 10099 15099  6408
  4090  4446 15919 15986  3949]

Seed Set :  [ 5999 10923  1559]
[ 1559 10923 10952 14809   345 14360  7867  6164 11995 16368  8703   929
  5999  2301 17217 12630  8050  2224  8405  9133  6446   131  9605  6231
 11869   413 14471 16834   915 11016 17180 16493  4781  3223   766  8030
 15621  1036  8214 10537  2539]

Seed Set :  [ 6104 12952 12990]
[ 6104 12990  9723   694 13629   114 13240 12952 16284 10326  3299 16418
  5155  4805  7452   623  5699 16294  8276  9343 16719 10971  5221 16670
 16003   429 14750 15864  9740   849 14774 15301 11104  3954   536  4852
  4281  6952  6847  3967  9315]

Seed Set :  [ 4046  7131 15743]
[15743  4046  3019  1786  9936 17048  5398  7131  9751  6355 14207 13787
  8145   769 16429  1691  8939 11387  5550  8254  1900 17260 11294  8064
   546 15397  9766 16639  4061  4803  8957  7554 11538  2168  2502 15162
  1401 12294  1126  3036  4268]

Seed Set :  [16635  8329 15464]
[16635  8329 15464  6820 12057 15412 10707  9327 11736  3617 14952  2986
  5977   966 14176 16165  2361 16239  2235  2127  1071  8425  9662  2805
  5774 11671 16661 13851  1464 10046 14891  6864  4872 11007 13017 12800
  5800 12713 14676 15635 11191]

Seed Set :  [6541 9248 1111]
[ 9248  1111  5042  5673   945 13019   968  9346  3260  9364 17083  1996
  8315 15943 15278 14185 16181  3770 16455  2313 13040 16312  8767 17118
  1132  7085  3274  6217  4245  6541  9540  7052  1207 13933  2915  8414
  9735 17003  5287 10663  8884]

Seed Set :  [16872 14773  1176]
[14773  1176 11754 16872 11723 17235  3568 11963  4072 14901 13918  2725
  5045 13834  9375  8835 13602  1549  1962 11777 10360 12502   373  5325
  3147 14484 14659  4016 12600  8265 14287   443  7378  5285  4753   955
  2929  8794 12573  7121  1457]

Seed Set :  [ 2788 14180  5944]
[ 2788 14180  5944  2652  3314 10973 13295 11330 10878  8052  2626  5447
 15533  7718  1272  2461 14024  8294  8225 11219 10996  4472  7909 12123
 13553 13503 13977 15019 16469  4256  6642  4823  9170 14245 14447  1575
  2963   163  4193   721 14857]

Seed Set :  [6721 2404 9114]
[ 2404  6721 13604  9114 11001 14769  9224 16831 13808  2943  8522  4851
  1667  9932  1304 14217   596 10228  8985 10202 13352 11514 15438  9635
 13104  2838  2312 12226 11276  4974  8574  3039 15643  2554  8102  6844
 12804 10590  1757  4075  8879]

Seed Set :  [11195 17030 11915]
[11195 17030 11915  4098 13270 14898 11847 10948 16821  2696  7824  5007
 11806   186  6500  2316  6385  6815  6616  5179  6251  9066 11741 14669
 15043   701  5441  4646  5175  8177 16023  1625  7948 12737 14639 13087
  2760  8724  9201  5190  4209]

Seed Set :  [10678 16954 10027]
[10027 10678 16954  5120 10080 17272 11337 10623 10554  2007  2171  2531
 12169 14346 13659   999  7955 11392 17122  6617  4771  7673 10433 14567
  3702   758 12623 11715 14721  1063  1212 13258   660  6520 16775  3844
  3737 10496  3063 12404  3581]

Seed Set :  [ 7745  8776 15887]
[ 7745 15887  8776   280 14446 15633 14310 15121 12856 14663  9365  2984
 14216  8747 16917 12552 13882 16460  8823  1233 12558 15547  6927 10850
  4315  8558 10183 16254  7437  4502  3213 12560 10673  8951  6705 15411
  8319 14578  4964 13542 11380]

Seed Set :  [12078  9941   890]
[ 9941 12078   890   807  4183  3785  7703 15981 17223  3608 13079  1003
  9463 14916 10307  7183  2681  5302 15984  5236  1587  5711  9050   321
  7582  5276   567  1104  9678  6556 10263  4691 16718 16198 10821  3224
  1433  7687 12803  1775 10580]
