#detected communities : (perbaris) 
448, 7820, 2422, 8867, 2193, 13475, 6996, 7130, 13024, 14415, 16163, 13117, 11835, 14605, 2343, 10589, 16031, 14364, 16458, 8370, 5843, 15409, 15645, 16758, 1145, 748, 4704, 1243, 245, 14474, 11070, 15666, 10679, 239, 9721, 12461, 16119, 10522, 16322, 11860, 3198, 16107, 12767, 8984, 3611, 8518, 13869, 9442, 6656, 7255, 12532, 3629, 6282, 12086, 13767, 5188, 1475, 17207, 740, 8536, 14745, 6868, 928, 6763, 15210, 5570, 8308, 13864, 14962, 13031, 14327, 12584, 7903, 9092, 6250, 6701, 617, 16087, 10689, 12668, 12140, 10258, 6991, 1255, 16902, 5415, 2511, 12951, 13654, 13775, 7889, 15543, 8725, 7771, 13107, 2084, 4762, 3699, 17110, 5535, 3626, 6652, 1870, 11587, 1444, 5554, 1754, 12516, 561, 5783, 12026, 7376, 3440, 16879, 9488, 1700, 5362, 11115, 804, 17115, 13885, 15233, 9107, 7744, 3422, 16124, 15201, 3060, 11987, 1173, 5458, 12221, 9277
1875, 5629, 12228, 10576, 13192, 9819, 14517, 1361, 7117, 1637, 833, 14623, 5452, 10742, 12231, 7892, 2213, 16972, 16296, 14428, 13705, 4131, 2395, 17126, 7525, 8124, 11203, 12037, 10628, 4429, 14137, 3414, 9547, 11333, 12329, 16259, 15892, 5349, 9466, 12666, 5584, 7964, 17271, 6659, 16177, 10471, 15603, 1807, 4626, 5546, 7312, 8620, 16301, 10454, 3432, 15757, 15868, 17004, 8382, 4774, 5952, 2901, 12448, 31, 12727, 4611, 1175, 12524, 2309, 12507, 11066, 1607, 7105, 7106, 13844, 12889, 286, 16598, 15716, 7497, 10820, 6522, 13746, 7792, 13217, 551, 5095, 6733, 2849, 219, 8560, 15783, 8513, 4112, 3450, 11063, 4496, 1616, 16170, 14658, 2640, 7906, 6981, 3909, 11069, 10782, 12279, 9129, 5577, 17031, 7731, 733, 4695, 1033, 7910, 9316, 15860, 8026, 15906, 9247, 3263, 3203, 8320, 4231, 7869, 7102, 10009, 4855, 14846, 1739, 16634, 1591, 10962, 5152, 9096, 9392, 6676, 9283, 2801, 5301, 6618, 10990, 15629, 11118, 2516, 4000, 12451, 14054, 13199, 2237, 16725, 16954, 3066, 14878, 16064, 9339, 13681, 7873, 11376, 11391, 10544, 10823, 13597, 1253, 2637, 9514, 226, 16447, 639, 15208, 16222, 8016, 10911, 12321, 6040, 1232, 10660, 7879, 6622, 16002, 16817, 8012, 7295, 4694, 15183, 4159, 14822, 12850, 3407
361, 9955, 16479, 2527, 3672, 8143, 5723, 7486, 3055, 14200, 13822, 44, 8568, 7577, 1070, 16989, 3706, 11865, 12126, 2620, 14667, 8905, 15192, 8007, 4215, 13638, 1649, 14701, 11456, 14543, 13166, 8630, 8267, 16759, 3952, 15082, 13481, 2718, 13529, 582, 6846, 9275, 4418, 15437, 11821, 13974, 15230, 821, 4818, 13276, 4244, 12446, 14460, 13925, 15824, 4684, 7611, 16232, 1203, 12445, 600, 14307, 11825, 2549, 1042, 14732, 1604, 14328, 15655, 16673, 4817, 4931, 6402, 1891, 2705, 8022, 9838, 13123
6338, 1575, 8227, 1999, 7920, 3741, 4484, 3350, 15805, 14152, 10514, 5023, 4529, 13039, 7288, 13254, 2867, 12909, 14419, 10014, 13950, 12591, 2566, 3185, 3000, 11675, 12471, 10722, 9610, 6074, 10847, 10699, 16229, 2788, 1133, 8327, 7259, 7838, 9727, 14153, 2448, 1116, 7179, 5572, 4453, 4402, 12178, 2241, 770, 13895, 10853, 5291, 12108, 17256, 4219, 12344, 395, 3656, 12683, 7408, 10424, 5113, 8661, 8956, 8556, 3434, 5091, 14843, 1209, 16410, 1156, 6256
13749, 1039, 13634, 15918, 4138, 14158, 8098, 4871, 8251, 5112, 12709, 13105, 15215, 9090, 10694, 6191, 1011, 8280, 2263, 15806, 5405, 8091, 12621, 8514, 5380, 6377, 16032, 8138, 5377, 9870, 4144, 585, 4063, 3152, 9490, 8275, 15415, 16186, 16695, 840, 6185, 10122, 8201, 2485, 13847, 1788, 127, 13312, 11798, 8872, 4621, 1473, 7256, 15200, 9441, 16299, 9485, 4443, 5824, 12982, 15337, 7372, 7723, 3438, 9833
7707, 17134, 13070, 10690, 5344, 2345, 11836, 13057, 14000, 12012, 16606, 7960, 13483, 5020, 10765, 6363, 5030, 11894, 16050, 9752, 8328, 14491, 674, 12894, 4794, 4814, 6014, 8146, 11989, 2999, 7416, 4359, 9188, 17080, 14314, 5811, 5138, 2994, 14522, 16391, 1773, 10250, 12135, 10599, 6698, 7928, 13174, 14427, 1270, 14625, 4600, 2605, 3071, 15847, 12519, 13251, 10705, 16208, 1947, 4079, 11434, 10984, 8332, 13672, 14393, 2891, 2236, 6415, 3136, 10899, 13248, 15186, 10100, 3271, 15419, 7484, 2181, 16503, 670, 15829, 17019
11788, 16372, 7682, 516, 5402, 1072, 15393, 14293, 11057, 9773, 7615, 3443, 2132, 7453, 9216, 6225, 7382, 16967, 11373, 11887, 15992, 1314, 13440, 5216, 10342, 1716, 12209, 15378, 1568, 9067, 8598, 1692, 12055, 4604, 746, 11746, 9950, 6305, 2319, 11766, 1869, 7743, 14642, 15481, 4637, 4329, 12256, 8205, 13376, 11264, 13623, 7896, 6635, 3749, 15476, 6311, 10474, 14860, 1991, 10387, 5900, 7915, 14768, 14852, 5039, 3051, 1428, 6889, 11018, 9132, 4867, 8019, 8490, 3787, 779, 9711, 4515, 13668, 1566, 4625, 4966
10476, 7491, 10101, 4553, 11242, 16584, 12901, 9726, 14566, 8403, 1413, 13393, 2446, 7591, 2848, 6717, 7023, 1652, 7709, 6562, 5600, 12191, 3135, 7069, 739, 17066, 16850, 13300, 3086, 7993, 12817, 2423, 9899, 13811, 13069, 14164, 8245, 13736, 6950, 3778, 1507, 6089, 12054, 13649, 5473, 12021, 12263, 8005, 12945, 23, 5902, 2367, 10227, 6033, 12812, 8218, 12163, 3687, 5047, 11653, 2307, 5906, 5013, 9084, 13660, 11042, 15572, 5436, 3156, 3865, 628, 2822, 6333, 13579, 7629, 11886, 12718, 4308, 719, 10470, 12175, 9262, 16138, 11900, 11992, 5082, 9661, 8534, 15110, 5819, 11573, 2997, 11266, 15888, 12876, 12615, 4942, 5305, 11812, 6615
8961, 14595, 9698, 8966, 15057, 12387, 6533, 9949, 13380, 7265, 12365, 11019, 14749, 7819, 16631, 11933, 7151, 16116, 13907, 12455, 3172, 4751, 10929, 15638, 8109, 8692, 9805, 13147, 13550, 2042, 1466, 234, 1925, 1282, 13532, 6491, 1490, 15531, 5518, 13930, 2600, 9199, 4542, 15768, 720, 1095, 13642, 16740, 5966, 5121, 810, 7548, 2896, 3510, 8186, 5755, 14349, 15554, 187, 4213, 14049, 1396, 9908, 1635, 13395, 16563, 10025, 3384, 2023, 651, 4184, 15519, 5412, 14397, 2987, 10365, 16671, 5137, 10608, 11765, 2199, 3486, 14105, 6295, 6753, 1075, 8617, 16263, 4566, 11843, 6442, 13897, 12547, 15907, 16275, 5641, 14929
9627, 2098, 10647, 15100, 12491, 12271, 8420, 5181, 13045, 514, 15653, 16642, 11283, 5378, 5997, 15963, 15009, 16799, 9921, 11362, 2778, 5096, 12063, 13337, 5841, 14450, 15467, 15334, 6378, 11114, 12002, 10686, 14433, 6463, 6486, 6705, 7347, 2750, 12220, 11862, 577, 12292, 13076, 16444, 4889, 2299, 15584, 121, 7540, 5259, 14465, 11389, 8409, 1057, 8974, 3470, 9061, 3041, 12069, 4640, 8699
13140, 8424, 955, 8171, 12605, 5387, 2803, 13003, 13565, 1491, 8371, 8827, 17241, 9399, 7748, 4322, 2729, 37, 17073, 14037, 4199, 2845, 16175, 12217, 4980, 8947, 15557, 15606, 8611, 537, 1188, 10784, 10166, 10391, 2935, 13702, 10201, 6762, 7976, 16922, 13605, 13575, 10731, 13657, 3105, 10696, 16025, 868, 6237, 9321, 5622, 743, 178, 1348, 14911, 3104, 12222, 12615, 16677, 5702, 8523, 7155, 14161, 9892, 13318, 1154, 3399, 1774, 9624
6329, 483, 8638, 11014, 6588, 16150, 6655, 5733, 5955, 13219, 6685, 13856, 4916, 6243, 5044, 4959, 6095, 16427, 5913, 16363, 13204, 16575, 10149, 6008, 11143, 16069, 16912, 16514, 11248, 10350, 717, 16281, 6638, 15539, 1307, 8715, 11927, 7133, 1229, 3908, 3495, 4316, 9682, 4768, 8696, 15071, 9318, 13720, 11256, 11583, 16828, 388, 8346, 12314, 8154, 3034, 10974, 10313, 5183, 3567, 293, 8899, 16248, 6543, 8807, 1839, 14166, 8976, 3121, 1385, 8950, 15932, 2320, 6957, 6230, 10026, 16619, 499, 16750, 13823, 11415, 10039, 8814, 10837, 2036, 5611, 8549
9294, 2673, 10849, 867, 393, 6477, 13676, 13849, 9716, 13064, 17266, 7712, 10377, 10359, 11006, 2013, 4062, 16624, 3953, 13471, 421, 10436, 7331, 11791, 15150, 7258, 11112, 6245, 36, 48, 12654, 2234, 4299, 5495, 15115, 3834, 792, 13477, 6875, 13328, 7511, 4945, 11328, 884, 5802, 13669, 13271, 6941, 100, 6467, 7193
11784, 11441, 1168, 7535, 17099, 17194, 6162, 839, 16295, 3021, 17115, 5695, 9161, 16143, 13338, 15148, 10636, 13314, 15266, 2198, 2808, 9690, 12359, 13900, 14564, 9034, 8974, 8302, 7415, 14979, 1187, 12785, 12840, 10497, 12559, 12214, 12551, 1319, 13205, 10280, 500, 12568, 3401, 15455, 13820, 12176, 1661, 16965, 1663, 12943, 4883, 16009, 5154, 4761, 3693, 752, 1573, 4255, 11439, 7710, 834, 3771, 15017, 5076, 8828, 14350, 13411, 13989, 9664, 8545, 7943, 42, 1101, 594, 9696, 7852, 11485, 1277, 11365, 10354, 249, 10187, 9984, 12636, 5841, 8409, 13061, 6471, 7252, 5812, 10526
12770, 11496, 16536, 3371, 283, 12995, 10922, 8944, 5031, 7170, 10657, 5718, 15560, 4983, 6011, 50, 7361, 11515, 16529, 5917, 10604, 2114, 14937, 2888, 6123, 4539, 7014, 10916, 13257, 17056, 43, 6783, 4392, 3368, 3102, 8831, 1703, 9548, 4949, 11053, 15402, 14776, 13612, 14437, 5317, 6739, 3502, 6056, 9519, 589, 3076, 6092, 9096, 10164, 1480, 3420, 6540, 5471, 2488, 9286, 5386, 895, 3181, 14451, 2057
8111, 8137, 16802, 4029, 16024, 17060, 4452, 13402, 12891, 10346, 13468, 14775, 10831, 6064, 10520, 16771, 8417, 5672, 10035, 14345, 8595, 1868, 3929, 264, 7806, 7333, 14510, 11686, 9772, 5256, 8453, 14710, 6140, 1443, 12185, 6810, 7644, 5932, 11719, 1215, 15777, 6458, 5064, 10933, 9533, 15545, 12458, 4483, 3522, 12416, 6389, 3797, 4133, 4379, 12545, 8552, 1210, 5406, 13646, 1239, 16965, 6632, 16775, 17222, 6590, 7559, 11731, 3700, 11253, 12529, 6220, 12607, 681, 1185, 11785, 13492, 13675, 15104, 4545, 13632, 1624, 6859, 3990, 4462, 657, 7880, 5856, 13802, 7938, 10086, 10123, 14262, 7530, 12680, 16873, 14297, 16930, 3288, 4788, 16448, 15246, 1163, 15169, 5813, 2923, 13307, 5895, 14902, 3459, 8637, 6560, 4147, 785, 2862, 10979, 363, 10801, 5015, 8324, 6554, 6454, 14726, 3661, 12937, 11567, 15098, 922, 4538, 1706, 10151, 1819, 2758, 11601
9951, 57, 168, 10302, 1404, 5924, 6223, 9596, 4503, 2298, 8422, 13496, 3453, 15129, 5087, 11501, 11907, 2612, 12096, 8235, 9757, 1463, 9604, 10644, 2545, 6999, 13852, 14042, 7633, 6096, 15023, 13027, 13678, 1082, 10333, 7853, 2944, 4353, 8801, 8404, 5127, 12412, 3798, 652, 10165, 14575, 3200, 9267, 15086, 11162, 6261, 5788, 14190, 8364, 15925, 6579, 2951, 9506, 14481, 7590, 16865, 202, 7436, 6257, 12696, 9852, 5262, 4454
885, 11181, 1418, 9637, 3783, 13349, 17184, 2016, 17148, 12468, 8318, 4356, 15973, 8089, 7078, 5251, 14935, 5010, 7580, 5186, 6746, 12705, 12286, 6983, 3988, 15597, 17190, 12679, 3061, 1505, 3333, 7941, 16413, 7823, 8507, 11692, 15460, 3853, 262, 1455, 11394, 16754, 10330, 8789, 15283, 16117, 9314, 12397, 3730, 6848, 11410, 12900, 2506, 8642, 6020, 16746, 13653, 7188, 14149, 11581, 16478, 9898, 16778, 10645, 7118, 848, 9186, 14223, 6771, 8525, 9126, 1006, 15032, 59, 1423, 3569, 2705, 12847, 14892, 6275, 15024, 13866, 3159, 4757, 15763
2581, 4334, 705, 13525, 14449, 12884, 7829, 4571, 9919, 10968, 5928, 7700, 5625, 6373, 2113, 15989, 6817, 8362, 15538, 14301, 12985, 14170, 584, 10137, 5683, 7240, 6802, 14664, 3489, 8252, 2826, 14422, 17245, 15866, 1472, 4239, 8076, 15604, 8610, 16130, 11498, 14820, 16976, 6474, 4962, 3867, 2425, 3863, 6827, 12624, 16399, 7058, 2311, 16318
17228, 12215, 6401, 5288, 5041, 12768, 16081, 12242, 14559, 12759, 9181, 10881, 1544, 10279, 9162, 1654, 17095, 2859, 13549, 3715, 3187, 15833, 7696, 1495, 1442, 17123, 4480, 291, 1619, 15222, 3518, 7215, 6578, 13821, 13737, 2273, 4173, 16570, 6421, 7599, 9940, 16551, 1388, 11676, 63, 734, 11467, 8893, 15257, 3418, 13320, 3190, 8907, 944, 12892, 1846, 2439, 1254, 13143, 16812, 1038, 16766, 3183, 16880, 15051, 690, 16756, 8188, 6979, 277, 10987, 4444, 9981, 13175, 13255, 7459, 11351, 3596, 5617, 2948, 15184, 8690, 16256, 10213, 11287, 3095, 5057, 8602, 2308, 16376, 3643, 16641, 15686, 7781, 2303, 9432, 4388, 10197, 5478, 10044, 3937, 11846, 13186, 4981, 10541, 17128, 2438, 16538, 10536, 5170, 15105, 9894, 16944, 660, 13305
1025, 1946, 13603, 17100, 16593, 3396, 2587, 16898, 3012, 4434, 172, 7040, 2796, 106, 8398, 15133, 7189, 12642, 3746, 16446, 6339, 17269, 3801, 8580, 6321, 2252, 13850, 7010, 2880, 14203, 7902, 3655, 9063, 5336, 11690, 15640, 14983, 6299, 534, 2504, 5815, 1353, 6010, 592, 1975, 1115, 12081, 9266, 4278, 4616, 2495, 14353, 2129, 10945, 796, 12593, 6352, 17073, 6833, 1919, 11316, 16808, 5294, 4128, 16358, 14712, 1344, 1859, 10293, 13410, 382, 10480, 14932, 2310, 5375, 16376, 3643, 2308, 2337, 130, 11268, 17051, 3531, 143, 16845, 4346, 7750, 6961, 11522, 12043, 11703, 15302, 12376, 5153, 7578, 2055, 12671
8804, 12156, 10447, 10743, 12725, 9913, 859, 12926, 14630, 6774, 15389, 8593, 13722, 12866, 4879, 1216, 7524, 5727, 1260, 9239, 12875, 17196, 11809, 5040, 7191, 8564, 15598, 11775, 5855, 2134, 8484, 3270, 11497, 3145, 5688, 11040, 13232, 7203, 7769, 1376, 9045, 2659, 9524, 13547, 9594, 6093, 11431, 8133, 15544, 9475, 1749, 13498, 11572, 6804, 1052, 6723, 3838, 9705, 9411, 16650, 8798, 2593, 6876, 6461, 6916, 6107, 8942, 10836, 8009, 7051, 12203, 1569, 13038, 7186, 4823, 6249, 2781, 2662, 16436, 10255, 7931, 5721, 12959, 432, 4043, 16494, 16523, 6397, 8150, 10351, 6202, 9510, 2735, 8248, 11245, 15190, 5210, 1276
2543, 11885, 9761, 2115, 3679, 7029, 13354, 11738, 5889, 5445, 12383, 5663, 2144, 1355, 6995, 11740, 10759, 4941, 4986, 10867, 7212, 11412, 16737, 616, 3537, 15504, 7079, 4165, 788, 7208, 7912, 14285, 1237, 1698, 2381, 10383, 14144, 520, 10148, 10693, 278, 4297, 11187, 10121, 15436, 16349, 16497, 8869, 15774, 5912, 13613, 1603, 5475, 13650, 13165, 8627, 92, 5443, 15428, 6640, 15473, 2001, 16075, 12158, 3588, 12818, 14020, 2123, 15149, 3550, 13435, 4723, 16316, 15687, 14806, 7887, 13144, 8594, 6023, 1856, 14644, 17126, 10339, 2189, 3826, 583, 6561, 9316, 11292, 7273, 10683, 7628, 8408, 9234, 1508, 459, 2888, 11828, 2154, 10735, 8126, 7339, 12069, 8228, 13534, 5842, 6331, 3561, 922, 14251, 10895, 13192, 1591, 16634, 414, 16265, 5015, 708
3669, 1392, 9010, 7506, 11983, 3045, 98, 12103, 434, 3855, 1022, 4790, 6155, 15239, 4211, 10828, 6359, 841, 2398, 11077, 5738, 12230, 13952, 15059, 8034, 8221, 4834, 16919, 10900, 10866, 2047, 16893, 5361, 3129, 225, 2021, 2780, 7788, 214, 5515, 16423, 2827, 4921, 4319, 13626, 14151, 15940, 12368, 16183, 16712, 3936, 1170, 9430, 16214, 10981
6891, 8706, 3306, 1048, 4140, 7937, 13769, 4283, 10687, 10595, 13423, 3689, 3056, 1213, 10191, 8983, 7241, 8510, 5053, 12361, 14600, 7534, 825, 1274, 2565, 6284, 10525, 14306, 12237, 11873, 14222, 2388, 2445, 2377, 11916, 5559, 4797, 3101, 12325, 15921, 13563, 2366, 9383, 14704, 14702, 13715, 1166, 10239, 14044, 14804, 7699, 2342, 9293, 9480, 2812, 4975, 13353, 101, 281, 2670, 5460, 6285, 1342, 15355, 779, 5905, 10372
14183, 5764, 5284, 14382, 1294, 1589, 8685, 2060, 2408, 16840, 10114, 2829, 1595, 14973, 11938, 7514, 3986, 2201, 325, 7985, 1235, 3294, 4528, 1755, 4713, 11349, 1500, 1394, 8943, 7845, 4182, 11244, 7800, 10099, 15099, 6408, 4090, 4446, 15919, 15986, 3949, 11036, 7379, 7934, 11991, 11560, 10261, 10089, 2149, 3684, 15076, 13285, 2958, 16089, 15171, 838, 12463, 6277, 11100, 14461, 13085, 9602, 2370, 5693, 13758, 16330, 4846, 5680, 11426, 3204, 10130, 16916, 3220, 16252, 152, 14729, 328, 15665, 953, 3202, 8748, 6919, 962, 7505, 5960, 13574, 6272, 1425, 14286, 7420, 14444, 5508, 14790, 4595
1559, 10923, 10952, 14809, 345, 14360, 7867, 6164, 11995, 16368, 8703, 929, 5999, 2301, 17217, 12630, 8050, 2224, 8405, 9133, 6446, 131, 9605, 6231, 11869, 413, 14471, 16834, 915, 11016, 17180, 16493, 4781, 3223, 766, 8030, 15621, 1036, 8214, 10537, 2539, 11215, 14772, 170, 15117, 15234, 1056, 111, 11102, 16452, 2937, 5374, 8094
6104, 12990, 9723, 694, 13629, 114, 13240, 12952, 16284, 10326, 3299, 16418, 5155, 4805, 7452, 623, 5699, 16294, 8276, 9343, 16719, 10971, 5221, 16670, 16003, 429, 14750, 15864, 9740, 849, 14774, 15301, 11104, 3954, 536, 4852, 4281, 6952, 6847, 3967, 9315, 10785, 5544, 11299, 7027, 13186, 3468, 6853, 5901, 5430, 14092, 10477, 12375, 4742, 16310, 15030, 10475, 10536, 8006, 15884, 1465, 6612, 14475, 16657, 11553, 11680, 1631, 14567, 3053, 4699, 15527, 6520, 13169, 10787, 15288, 6203, 3544, 6684, 12404
15743, 4046, 9936, 3019, 17048, 1786, 5398, 7131, 9751, 6355, 13787, 14207, 8145, 769, 8254, 5550, 11387, 8939, 1691, 16429, 15397, 546, 9766, 11294, 8064, 1900, 17260, 16639, 4061, 8957, 4803, 11538, 7554, 15162, 2502, 2168, 12294, 3036, 1126, 1401, 4268, 5140, 8576, 8527, 12467, 5931, 7550, 6967, 1102, 2710, 16982, 9127, 1021, 13923, 13159, 8198, 3830, 13644, 392, 8785, 3444, 7139, 2747, 914, 9692, 6136, 2192, 4876, 12764, 5958, 15079, 5172, 3559, 11023, 8116, 700, 12858, 13381, 16992, 14518, 16859, 2091, 745, 16648, 14299, 15487, 2850, 5698, 368
16635, 8329, 15464, 6820, 12057, 15412, 10707, 9327, 11736, 3617, 14952, 2986, 5977, 966, 14176, 16165, 2361, 16239, 2235, 2127, 1071, 8425, 9662, 2805, 5774, 11671, 16661, 13851, 1464, 10046, 14891, 6864, 4872, 11007, 13017, 12800, 5800, 12713, 14676, 15635, 11191, 11211, 15811, 3437, 11269, 8667, 10704, 16897, 7262, 13530, 12051, 13555, 9405, 13430, 12159, 9013, 144, 13541, 442, 590, 9268, 12346, 8681, 10860, 11173, 1265, 3779, 7942, 15080, 16319, 1976, 4055, 9121, 5536, 13129, 3248, 228, 16827, 4659, 9823, 7835, 10166, 2741, 7313, 16522, 17131
9248, 1111, 5042, 5673, 945, 13019, 968, 9346, 3260, 9364, 17083, 1996, 8315, 15943, 15278, 14185, 16181, 3770, 16455, 2313, 13040, 16312, 8767, 17118, 1132, 7085, 3274, 6217, 4245, 6541, 9540, 7052, 1207, 13933, 2915, 8414, 9735, 17003, 5287, 10663, 8884, 12693, 9893, 9707, 5476, 7921, 1983, 10078, 698, 11240, 15311, 11183, 246, 11557, 14691, 8726, 7267, 3376, 11327, 12490, 13367, 5729, 5300, 11566, 6170, 16235, 6054, 9541, 9718, 13946, 3050, 3045, 14926, 14781, 12917, 5879, 4592, 12557, 16611, 13101, 2030, 3534
14773, 1176, 11754, 16872, 11723, 17235, 3568, 11963, 4072, 14901, 13918, 2725, 5045, 13834, 9375, 8835, 13602, 1549, 1962, 11777, 10360, 12502, 373, 5325, 3147, 14484, 14659, 4016, 12600, 8265, 14287, 443, 7378, 5285, 4753, 955, 2929, 8794, 12573, 7121, 1457, 12079, 15453, 15502, 9553, 10464, 2300, 10410, 9301, 11672, 5025, 3369, 9846, 10291, 4068, 5286, 6577, 12164, 5903, 7541, 15234, 9230, 14457, 3322, 10318, 16002, 2237, 12655, 14054, 10193, 3521, 16504, 11480, 6175, 3946, 11140, 10804, 17144, 14811, 6974, 891, 2464, 13651, 3677, 15530
2788, 14180, 5944, 2652, 13295, 10973, 3314, 10878, 11330, 1272, 8052, 15533, 7718, 2626, 5447, 2461, 8225, 10996, 14024, 8294, 11219, 7909, 4472, 12123, 13553, 15019, 13977, 13503, 16469, 6642, 4256, 4823, 14447, 14245, 9170, 1575, 2963, 163, 4193, 721, 10045, 14857, 16410, 16961, 10268, 13752, 13600, 9473, 8909, 6471, 13061, 2243, 10880, 5823, 11612, 7878, 3082, 10668, 6865, 14244, 3285, 16973, 3995, 12141, 14563, 3297, 1081, 3649, 13288, 8797, 4511, 7116, 5130, 1548, 1232, 11424, 13517, 6782, 9972, 2079, 11654, 13912, 15053, 5338, 6657
2404, 6721, 13604, 9114, 11001, 14769, 9224, 16831, 13808, 2943, 8522, 4851, 1667, 9932, 1304, 14217, 596, 10228, 8985, 10202, 13352, 11514, 15438, 9635, 13104, 2838, 2312, 12226, 11276, 4974, 8574, 3039, 15643, 2554, 8102, 6844, 12804, 10590, 1757, 4075, 8879, 15812, 773, 6653, 2618, 9457, 310, 604, 3111, 8242, 1629, 12161, 15330, 3300, 11532, 11270, 8459, 6015, 9697, 11795, 3637, 4328, 4730
11195, 17030, 11915, 4098, 13270, 14898, 11847, 10948, 16821, 2696, 7824, 5007, 11806, 186, 6500, 2316, 6385, 6815, 6616, 5179, 6251, 9066, 11741, 14669, 15043, 701, 5441, 4646, 5175, 8177, 16023, 1625, 7948, 12737, 14639, 13087, 2760, 8724, 9201, 5190, 4209, 13554, 558, 8535, 9222, 5270, 6896, 3893, 8352, 203, 12477, 4769, 7737, 8565, 2186, 16730, 7639, 9758, 11065, 9793, 3975, 10752, 16096, 10161, 1090, 1738, 9710, 12304, 5927, 15196, 12018, 5655, 11734, 16596, 4956, 492, 5861, 5209, 17226, 11396, 12303, 11709, 5352, 6924, 5519, 595, 11815, 13383, 4859, 16125, 15520, 9677, 14526, 2751, 4898, 6768, 9625, 4040, 1970, 3406, 7407, 15526, 1034, 12216
10027, 10678, 16954, 5120, 10080, 11337, 10623, 17272, 2007, 2171, 2531, 10554, 14346, 12169, 13659, 999, 7955, 10433, 17122, 6617, 11392, 7673, 4771, 14567, 3702, 758, 14721, 11715, 12623, 1063, 13258, 1212, 660, 16775, 6520, 3844, 3737, 10496, 3063, 12404, 3581, 13688, 9136, 6195, 16277, 3626, 2794, 8973, 15075, 12040, 14268, 11641, 12833, 8073, 11435, 8012, 7295, 9137, 14902, 7136, 15773, 6629, 4880
7745, 15887, 8776, 280, 14446, 15633, 14310, 15121, 12856, 14663, 9365, 2984, 14216, 8747, 16917, 12552, 13882, 16460, 8823, 1233, 12558, 15547, 6927, 10850, 4315, 8558, 10183, 16254, 7437, 4502, 3213, 12560, 10673, 8951, 6705, 15411, 8319, 14578, 4964, 13542, 11380, 10773, 2349, 9912, 1994, 15452, 11918, 10917, 8316, 11366, 2924, 11109, 7034, 6149, 3857, 3716, 3037, 10131, 8104, 11361, 2110, 3652
9941, 12078, 890, 807, 4183, 3785, 7703, 15981, 17223, 3608, 13079, 1003, 9463, 14916, 10307, 7183, 2681, 5302, 15984, 5236, 1587, 5711, 9050, 321, 7582, 5276, 567, 1104, 9678, 6556, 10263, 4691, 16718, 16198, 10821, 3224, 1433, 7687, 12803, 1775, 10580, 9523, 15552, 6379, 11459, 16490, 3487, 15871, 13365, 7498, 1249, 2894, 11906, 10581, 9997, 6691, 15548, 11643, 13839, 10802, 17187, 1923, 12861, 10594, 9223, 17091, 9813
