7273
6273
786
14527
7372
13192
51
4014
10923
4975
10636
16150
1000
8189
7731
15530
10536
15557
8509
15006
11843
14457
8294
7979
8297
14595
4472
12730
14054
7878
13328
2136
7573
2132
7577
7578
12291
3121
13467
734
7982
6
6773
13502
15934
6683
9686
13101
8779
13904
8227
1133
561
12026
7486
1535
9772
16954
163
16083
8477
11798
8871
11140
13769
1184
3220
2237
12164
6801
922
16881
14379
5015
14979
14136
4657
10380
3537
12615
10026
16237
9996
8271
7325
16902
4046
7320
11385
1616
5233
11264
10895
11266
3023
616
6220
1442
14567
13186
9829
13166
17115
13966
13968
10647
12868
15545
1591
15543
6615
9972
3700
8417
226
6401
4684
868
13601
4938
13314
13312
14401
1686
12266
16741
15146
660
15148
10166
10167
1168
8623
9092
17060
1294
2942
10187
7307
1542
23
5629
6652
16961
10401
16965
2382
13336
6413
9955
8828
10668
10262
2888
3296
14644
2705
16173
16514
9488
16363
14562
4726
14161
16316
3643
16447
8536
12240
3463
15213
4918
4915
14465
2997
3967
7541
10862
12126
11294
13061
14345
12121
16768
12927
459
8603
5859
12830
1851
15201
6942
10693
9321
5707
17005
3699
6782
16785
11746
2287
7491
13612
16067
10917
9939
5841
2367
5702
6300
16634
3879
3661
5478
14660
5284
10282
16265
1495
5991
193
8126
5999
12215
4648
13989
7162
10849
15234
6560
12458
8662
14811
11643
5064
2100
7473
13318
10042
10045
3946
12858
5600
11885
16410
11340
5767
5764
8346
9310
278
16808
1589
1603
14433
4418
5091
4147
955
1856
2740
1039
16002
9564
5783
936
9223
15802
10839
2429
1232
2422
9114
16235
639
3009
7909
14334
9761
10039
8265
7903
9984
6847
14338
11086
4166
8087
3787
1624
13579
3422
13577
3420
1629
9424
16073
604
4256
6577
8641
2929
16138
16134
10544
8409
10554
10258
3322
17286
9164
3735
3045
15411
17127
6471
4538
9383
6349
10787
4823
12069
1196
8492
6185
7150
12271
12276
17126
2408
16737
15099
1210
7295
14024
14902
10158
14857
3626
10424
8799
3952
7103
9841
5894
13471
3940
13376
12600
12607
8794
14310
2498
5406
9096
13623
13553
2495
9792
8706
11801
2256
6237
1575
3716
8424
989
12899
2652
7556
15877
13833
12891
6502
11309
8549
1870
3306
8546
16983
5132
6749
16233
8543
1774
2911
14773
5827
5451
12368
6705
15686
11117
11115
4719
16642
11283
11280
3080
6625
1176
8225
12952
8638
9086
2862
16209
779
5026
6520
8150
11274
7041
9316
7820
6952
17073
7121
11754
2308
16872
13603
1800
13411
16879
14180
4070
10602
7335
10617
17084
1413
512
8725
15859
16473
16071
11689
16479
8974
4453
11657
6724
16376
8137
4459
13307
8171
3450
5378
14690
6590
5374
4779
6470
10996
4670
12404
14065
17131
5688
6175
12325
6642
5680
17256
7554
11181
719
583
584
8012
8755
10050
2665
16775
15113
4762
13435
5207
11219
1881
6094
4376
9324
16372
